gene index	a_n	m	resub	bresub
[1,95,372]	[0.0048  0.0132  0.0098]	-14.5506	0.0000	0.0456
[1,165,372]	[0.0021  -0.0109  0.0130]	-7.8993	0.0000	0.0381
[1,322,372]	[0.0026  0.0105  0.0101]	-13.6466	0.0000	0.0405
[1,337,372]	[0.0083  -0.0205  0.0121]	-10.0285	0.0435	0.0485
[1,356,372]	[0.0146  -0.0328  0.0137]	-10.3637	0.0000	0.0493
[1,372,388]	[-0.0011  0.0128  0.0189]	-17.7465	0.0000	0.0278
[1,372,456]	[-0.0065  0.0115  0.0139]	-15.3199	0.0000	0.0245
[2,7,372]	[-0.0119  -0.0197  0.0134]	-9.9005	0.0000	0.0402
[2,165,372]	[-0.0128  -0.0095  0.0139]	-6.9685	0.0000	0.0478
[2,337,372]	[-0.0113  -0.0175  0.0128]	-8.5532	0.0435	0.0495
[2,356,372]	[-0.0146  -0.0301  0.0151]	-8.4390	0.0000	0.0479
[2,372,388]	[-0.0102  0.0136  0.0169]	-16.1151	0.0000	0.0374
[2,372,456]	[-0.0140  0.0130  0.0125]	-14.0461	0.0000	0.0355
[4,95,372]	[0.0077  0.0133  0.0093]	-14.3577	0.0000	0.0451
[4,372,388]	[0.0011  0.0127  0.0188]	-17.7911	0.0000	0.0302
[4,372,456]	[0.0076  0.0110  0.0137]	-15.6751	0.0000	0.0246
[5,7,372]	[-0.0069  -0.0178  0.0134]	-11.6192	0.0000	0.0399
[5,95,372]	[-0.0244  0.0169  0.0186]	-20.7895	0.0000	0.0401
[5,165,372]	[-0.0122  -0.0075  0.0148]	-10.0156	0.0000	0.0497
[5,322,372]	[-0.0214  0.0118  0.0175]	-18.3425	0.0000	0.0471
[5,337,372]	[-0.0143  -0.0158  0.0154]	-11.7840	0.0435	0.0404
[5,347,372]	[-0.0139  -0.0152  0.0125]	-10.7950	0.0000	0.0466
[5,356,372]	[-0.0176  -0.0301  0.0187]	-12.6847	0.0000	0.0427
[5,372,388]	[-0.0225  0.0208  0.0207]	-23.1458	0.0000	0.0394
[5,372,456]	[-0.0228  0.0195  0.0155]	-21.0089	0.0000	0.0292
[6,95,372]	[-0.0116  0.0129  0.0099]	-13.9965	0.0000	0.0485
[6,372,388]	[-0.0069  0.0129  0.0186]	-17.6287	0.0000	0.0268
[6,372,456]	[-0.0052  0.0115  0.0135]	-15.4598	0.0000	0.0216
[7,8,372]	[-0.0220  0.0164  0.0122]	-11.6741	0.0000	0.0430
[7,11,372]	[-0.0229  0.0046  0.0120]	-11.1051	0.0435	0.0467
[7,14,372]	[-0.0213  0.0131  0.0121]	-11.1025	0.0435	0.0459
[7,16,372]	[-0.0217  0.0074  0.0122]	-11.0570	0.0435	0.0427
[7,17,372]	[-0.0222  0.0069  0.0121]	-11.0242	0.0435	0.0428
[7,19,372]	[-0.0218  0.0055  0.0121]	-11.0424	0.0000	0.0397
[7,20,372]	[-0.0219  -0.0091  0.0124]	-10.4097	0.0000	0.0422
[7,21,372]	[-0.0212  -0.0181  0.0127]	-11.1161	0.0435	0.0480
[7,23,372]	[-0.0214  0.0149  0.0123]	-11.3376	0.0435	0.0466
[7,24,372]	[-0.0216  0.0036  0.0121]	-11.0831	0.0435	0.0461
[7,25,372]	[-0.0222  0.0035  0.0120]	-11.4401	0.0435	0.0459
[7,26,372]	[-0.0214  -0.0053  0.0124]	-10.3941	0.0435	0.0446
[7,27,372]	[-0.0216  0.0066  0.0124]	-11.8582	0.0435	0.0450
[7,29,372]	[-0.0219  0.0068  0.0121]	-10.9275	0.0435	0.0420
[7,30,372]	[-0.0213  0.0107  0.0122]	-11.4690	0.0435	0.0462
[7,31,372]	[-0.0221  0.0078  0.0126]	-11.9445	0.0435	0.0420
[7,36,372]	[-0.0219  0.0029  0.0123]	-11.0320	0.0435	0.0401
[7,38,372]	[-0.0221  0.0081  0.0121]	-11.4227	0.0000	0.0436
[7,39,372]	[-0.0219  0.0017  0.0121]	-10.9295	0.0435	0.0465
[7,40,372]	[-0.0219  -0.0038  0.0123]	-10.9196	0.0435	0.0404
[7,41,372]	[-0.0224  0.0145  0.0125]	-11.7052	0.0435	0.0461
[7,44,372]	[-0.0219  -0.0010  0.0123]	-10.8839	0.0435	0.0470
[7,46,372]	[-0.0219  -0.0017  0.0122]	-10.8210	0.0435	0.0416
[7,48,372]	[-0.0219  -0.0014  0.0123]	-10.8974	0.0435	0.0442
[7,49,372]	[-0.0230  -0.0096  0.0129]	-10.7113	0.0435	0.0458
[7,50,372]	[-0.0259  -0.0137  0.0120]	-8.4674	0.0000	0.0497
[7,51,372]	[-0.0221  0.0060  0.0122]	-11.1090	0.0435	0.0426
[7,58,372]	[-0.0215  0.0077  0.0123]	-11.3845	0.0435	0.0440
[7,59,372]	[-0.0221  0.0159  0.0124]	-11.6902	0.0000	0.0435
[7,60,372]	[-0.0228  0.0082  0.0122]	-12.2169	0.0000	0.0470
[7,64,372]	[-0.0216  -0.0047  0.0123]	-10.8857	0.0435	0.0406
[7,66,372]	[-0.0222  -0.0115  0.0124]	-10.5296	0.0000	0.0426
[7,68,372]	[-0.0218  0.0032  0.0122]	-10.9769	0.0435	0.0410
[7,69,372]	[-0.0217  0.0149  0.0135]	-13.5852	0.0000	0.0432
[7,71,372]	[-0.0230  0.0090  0.0128]	-12.3277	0.0000	0.0471
[7,72,372]	[-0.0216  -0.0039  0.0123]	-10.7775	0.0435	0.0427
[7,75,372]	[-0.0218  0.0031  0.0122]	-11.0574	0.0435	0.0420
[7,76,372]	[-0.0217  0.0101  0.0123]	-11.5785	0.0435	0.0443
[7,78,372]	[-0.0225  -0.0064  0.0125]	-10.7697	0.0435	0.0460
[7,80,372]	[-0.0218  0.0004  0.0122]	-10.9610	0.0435	0.0410
[7,82,372]	[-0.0220  -0.0062  0.0124]	-10.7870	0.0000	0.0417
[7,85,372]	[-0.0218  -0.0009  0.0123]	-10.9416	0.0435	0.0430
[7,87,372]	[-0.0220  0.0018  0.0122]	-10.9785	0.0435	0.0440
[7,88,372]	[-0.0229  0.0051  0.0121]	-11.3400	0.0435	0.0499
[7,89,372]	[-0.0217  0.0106  0.0121]	-11.0842	0.0000	0.0403
[7,90,372]	[-0.0220  0.0071  0.0122]	-11.0387	0.0435	0.0422
[7,91,372]	[-0.0219  -0.0022  0.0126]	-10.7742	0.0000	0.0488
[7,93,372]	[-0.0214  0.0069  0.0123]	-11.3303	0.0435	0.0441
[7,95,372]	[-0.0375  0.0272  0.0233]	-27.4055	0.0000	0.0228
[7,97,372]	[-0.0239  0.0120  0.0118]	-12.1158	0.0000	0.0449
[7,101,372]	[-0.0219  0.0166  0.0127]	-12.1770	0.0000	0.0440
[7,102,372]	[-0.0227  0.0182  0.0128]	-12.1740	0.0000	0.0492
[7,106,372]	[-0.0215  0.0080  0.0125]	-12.0701	0.0000	0.0426
[7,110,372]	[-0.0216  0.0109  0.0123]	-11.2092	0.0435	0.0432
[7,113,372]	[-0.0224  0.0164  0.0123]	-11.1575	0.0435	0.0476
[7,114,372]	[-0.0215  -0.0130  0.0125]	-10.3166	0.0435	0.0447
[7,115,372]	[-0.0216  0.0029  0.0121]	-10.9891	0.0435	0.0473
[7,120,372]	[-0.0217  0.0020  0.0122]	-11.0549	0.0435	0.0440
[7,121,372]	[-0.0216  -0.0021  0.0123]	-10.8498	0.0435	0.0404
[7,123,372]	[-0.0217  0.0060  0.0122]	-10.9832	0.0435	0.0403
[7,124,372]	[-0.0218  0.0011  0.0122]	-11.0032	0.0435	0.0453
[7,125,372]	[-0.0222  0.0011  0.0123]	-11.0109	0.0435	0.0439
[7,127,372]	[-0.0218  0.0003  0.0122]	-10.9525	0.0435	0.0466
[7,133,372]	[-0.0219  0.0071  0.0121]	-11.0521	0.0000	0.0427
[7,138,372]	[-0.0219  -0.0050  0.0122]	-10.6697	0.0435	0.0427
[7,139,372]	[-0.0218  -0.0003  0.0122]	-10.9179	0.0435	0.0468
[7,145,372]	[-0.0219  0.0028  0.0123]	-11.1571	0.0435	0.0472
[7,146,372]	[-0.0219  0.0104  0.0121]	-11.0075	0.0435	0.0435
[7,151,372]	[-0.0233  0.0066  0.0122]	-11.1310	0.0435	0.0474
[7,153,372]	[-0.0219  -0.0017  0.0123]	-10.9380	0.0435	0.0395
[7,154,372]	[-0.0217  -0.0016  0.0123]	-10.8514	0.0435	0.0426
[7,155,372]	[-0.0214  0.0139  0.0124]	-11.7100	0.0000	0.0466
[7,156,372]	[-0.0219  0.0246  0.0120]	-12.6424	0.0000	0.0399
[7,157,372]	[-0.0248  0.0142  0.0119]	-10.8627	0.0000	0.0464
[7,159,372]	[-0.0219  -0.0020  0.0126]	-11.0739	0.0435	0.0497
[7,160,372]	[-0.0178  -0.0043  0.0122]	-10.5470	0.0435	0.0492
[7,161,372]	[-0.0219  0.0071  0.0121]	-11.0331	0.0435	0.0447
[7,162,372]	[-0.0218  0.0052  0.0120]	-11.0024	0.0435	0.0425
[7,163,372]	[-0.0223  0.0067  0.0122]	-11.1329	0.0435	0.0436
[7,164,372]	[-0.0212  -0.0095  0.0124]	-10.5819	0.0000	0.0405
[7,165,372]	[-0.0169  -0.0045  0.0136]	-10.2954	0.0000	0.0485
[7,167,372]	[-0.0224  0.0098  0.0120]	-11.8577	0.0435	0.0460
[7,169,372]	[-0.0220  -0.0052  0.0122]	-10.7620	0.0435	0.0394
[7,171,372]	[-0.0210  0.0079  0.0137]	-15.0462	0.0000	0.0430
[7,173,372]	[-0.0216  0.0176  0.0120]	-11.4742	0.0000	0.0437
[7,176,372]	[-0.0215  0.0056  0.0125]	-11.5722	0.0435	0.0453
[7,180,372]	[-0.0218  0.0146  0.0123]	-11.4260	0.0435	0.0472
[7,183,372]	[-0.0214  -0.0123  0.0128]	-10.0750	0.0435	0.0489
[7,188,372]	[-0.0215  0.0100  0.0126]	-11.9683	0.0000	0.0429
[7,189,372]	[-0.0217  -0.0071  0.0123]	-10.6108	0.0435	0.0439
[7,190,372]	[-0.0216  0.0081  0.0124]	-11.4723	0.0435	0.0412
[7,191,372]	[-0.0213  0.0094  0.0120]	-11.4037	0.0000	0.0443
[7,192,372]	[-0.0215  0.0169  0.0124]	-11.5356	0.0435	0.0485
[7,193,372]	[-0.0221  -0.0093  0.0122]	-10.5460	0.0435	0.0463
[7,194,372]	[-0.0215  -0.0069  0.0122]	-10.7303	0.0435	0.0415
[7,197,372]	[-0.0222  -0.0147  0.0130]	-11.2814	0.0435	0.0494
[7,198,372]	[-0.0221  0.0073  0.0121]	-11.4199	0.0000	0.0433
[7,199,372]	[-0.0230  0.0075  0.0123]	-11.3020	0.0435	0.0469
[7,200,372]	[-0.0216  0.0056  0.0122]	-11.0003	0.0435	0.0410
[7,202,372]	[-0.0214  0.0021  0.0123]	-11.2410	0.0435	0.0459
[7,203,372]	[-0.0217  -0.0114  0.0125]	-10.7180	0.0000	0.0424
[7,204,372]	[-0.0209  0.0039  0.0119]	-11.1886	0.0000	0.0448
[7,205,372]	[-0.0218  0.0010  0.0122]	-10.9486	0.0435	0.0409
[7,207,372]	[-0.0216  -0.0041  0.0123]	-11.0150	0.0435	0.0400
[7,208,372]	[-0.0220  0.0144  0.0123]	-11.2953	0.0000	0.0399
[7,209,372]	[-0.0216  -0.0008  0.0124]	-10.9264	0.0435	0.0471
[7,211,372]	[-0.0212  0.0096  0.0122]	-11.4893	0.0435	0.0477
[7,214,372]	[-0.0215  0.0061  0.0124]	-11.4446	0.0435	0.0412
[7,216,372]	[-0.0211  -0.0044  0.0123]	-10.8718	0.0435	0.0423
[7,217,372]	[-0.0217  0.0009  0.0122]	-10.9292	0.0435	0.0433
[7,220,372]	[-0.0222  0.0105  0.0122]	-11.3800	0.0435	0.0429
[7,221,372]	[-0.0220  -0.0053  0.0121]	-10.4788	0.0435	0.0396
[7,222,372]	[-0.0374  -0.0370  0.0146]	-6.6407	0.0435	0.0447
[7,226,372]	[-0.0216  0.0188  0.0125]	-11.7397	0.0435	0.0491
[7,228,372]	[-0.0227  -0.0151  0.0127]	-10.5095	0.0435	0.0487
[7,230,372]	[-0.0218  0.0061  0.0122]	-11.3328	0.0435	0.0433
[7,231,372]	[-0.0219  0.0044  0.0123]	-11.1492	0.0435	0.0437
[7,232,372]	[-0.0216  0.0110  0.0123]	-11.3613	0.0435	0.0432
[7,234,372]	[-0.0215  -0.0124  0.0124]	-10.4996	0.0435	0.0462
[7,235,372]	[-0.0228  0.0099  0.0119]	-11.1892	0.0435	0.0485
[7,236,372]	[-0.0216  -0.0029  0.0122]	-10.7421	0.0435	0.0407
[7,238,372]	[-0.0212  -0.0068  0.0122]	-10.7416	0.0435	0.0394
[7,240,372]	[-0.0216  -0.0146  0.0125]	-10.3719	0.0000	0.0457
[7,242,372]	[-0.0223  -0.0104  0.0126]	-10.7614	0.0435	0.0456
[7,244,372]	[-0.0217  0.0061  0.0122]	-11.1598	0.0435	0.0408
[7,247,372]	[-0.0219  -0.0018  0.0122]	-10.8654	0.0435	0.0414
[7,251,372]	[-0.0161  -0.0120  0.0118]	-9.7095	0.0000	0.0427
[7,256,372]	[-0.0219  0.0075  0.0121]	-11.0719	0.0435	0.0445
[7,258,372]	[-0.0218  0.0147  0.0123]	-11.4694	0.0435	0.0461
[7,261,372]	[-0.0220  0.0023  0.0122]	-11.0941	0.0435	0.0441
[7,262,372]	[-0.0214  -0.0122  0.0122]	-10.3040	0.0435	0.0476
[7,264,372]	[-0.0181  -0.0082  0.0122]	-8.6628	0.0000	0.0389
[7,265,372]	[-0.0220  0.0029  0.0122]	-11.1702	0.0435	0.0459
[7,266,372]	[-0.0218  0.0146  0.0126]	-11.6895	0.0435	0.0466
[7,268,372]	[-0.0217  -0.0014  0.0124]	-10.8693	0.0435	0.0480
[7,271,372]	[-0.0214  -0.0039  0.0124]	-10.8930	0.0435	0.0411
[7,276,372]	[-0.0216  0.0024  0.0123]	-11.1320	0.0435	0.0463
[7,277,372]	[-0.0230  0.0046  0.0123]	-11.1492	0.0435	0.0474
[7,278,372]	[-0.0219  0.0019  0.0123]	-11.0754	0.0435	0.0458
[7,279,372]	[-0.0220  -0.0105  0.0124]	-10.8265	0.0435	0.0434
[7,280,372]	[-0.0225  0.0109  0.0124]	-11.2583	0.0435	0.0450
[7,287,372]	[-0.0207  0.0181  0.0127]	-12.9907	0.0435	0.0497
[7,288,372]	[-0.0217  0.0025  0.0122]	-10.9429	0.0435	0.0406
[7,289,372]	[-0.0218  -0.0137  0.0127]	-11.0605	0.0435	0.0461
[7,294,372]	[-0.0217  0.0033  0.0122]	-11.0429	0.0435	0.0409
[7,298,372]	[-0.0219  -0.0018  0.0122]	-10.8769	0.0435	0.0403
[7,301,372]	[-0.0214  -0.0111  0.0123]	-10.5642	0.0000	0.0410
[7,302,372]	[-0.0208  0.0212  0.0130]	-12.8684	0.0000	0.0461
[7,305,372]	[-0.0210  0.0121  0.0124]	-12.2598	0.0435	0.0462
[7,308,372]	[-0.0215  0.0032  0.0122]	-11.0993	0.0435	0.0434
[7,313,372]	[-0.0216  -0.0026  0.0122]	-10.7820	0.0435	0.0436
[7,316,372]	[-0.0218  0.0002  0.0122]	-10.9546	0.0435	0.0445
[7,317,372]	[-0.0222  0.0014  0.0122]	-11.1068	0.0435	0.0480
[7,319,372]	[-0.0217  -0.0058  0.0123]	-10.9458	0.0435	0.0399
[7,322,372]	[-0.0277  0.0157  0.0194]	-20.9242	0.0000	0.0306
[7,324,372]	[-0.0220  0.0077  0.0120]	-11.3713	0.0435	0.0462
[7,325,372]	[-0.0220  -0.0065  0.0123]	-10.8154	0.0435	0.0406
[7,327,372]	[-0.0219  0.0048  0.0123]	-11.4195	0.0435	0.0424
[7,329,372]	[-0.0206  0.0130  0.0115]	-11.0444	0.0435	0.0405
[7,330,372]	[-0.0216  0.0171  0.0125]	-12.3668	0.0435	0.0478
[7,331,372]	[-0.0217  0.0130  0.0122]	-11.1859	0.0435	0.0452
[7,332,372]	[-0.0218  0.0000  0.0122]	-10.9500	0.0435	0.0449
[7,333,372]	[-0.0213  -0.0077  0.0129]	-11.0615	0.0435	0.0441
[7,337,372]	[-0.0172  -0.0138  0.0148]	-11.5993	0.0435	0.0373
[7,339,372]	[-0.0218  -0.0028  0.0123]	-10.9223	0.0435	0.0405
[7,347,372]	[-0.0242  0.0040  0.0124]	-11.1501	0.0435	0.0477
[7,351,372]	[-0.0223  -0.0083  0.0122]	-10.5189	0.0435	0.0435
[7,354,372]	[-0.0216  0.0033  0.0125]	-11.6427	0.0435	0.0496
[7,356,372]	[-0.0159  -0.0233  0.0158]	-11.4353	0.0000	0.0355
[7,358,372]	[-0.0214  -0.0137  0.0125]	-10.7581	0.0435	0.0454
[7,360,372]	[-0.0228  0.0125  0.0124]	-11.9324	0.0435	0.0495
[7,361,372]	[-0.0219  -0.0107  0.0124]	-10.9498	0.0435	0.0435
[7,363,372]	[-0.0215  0.0067  0.0123]	-11.3807	0.0435	0.0433
[7,364,372]	[-0.0210  0.0045  0.0123]	-11.7071	0.0000	0.0406
[7,366,372]	[-0.0236  0.0119  0.0124]	-11.9574	0.0435	0.0478
[7,368,372]	[-0.0214  -0.0067  0.0122]	-10.8408	0.0435	0.0414
[7,370,372]	[-0.0219  0.0159  0.0122]	-11.1935	0.0435	0.0484
[7,372,375]	[-0.0209  0.0124  -0.0111]	-10.7701	0.0000	0.0415
[7,372,378]	[-0.0216  0.0124  0.0032]	-11.3616	0.0435	0.0463
[7,372,380]	[-0.0205  0.0129  0.0112]	-13.1047	0.0000	0.0393
[7,372,381]	[-0.0218  0.0123  0.0013]	-11.1762	0.0435	0.0474
[7,372,382]	[-0.0214  0.0131  -0.0157]	-10.8450	0.0435	0.0443
[7,372,384]	[-0.0217  0.0124  0.0051]	-11.5465	0.0435	0.0459
[7,372,385]	[-0.0218  0.0122  0.0009]	-10.9774	0.0435	0.0425
[7,372,386]	[-0.0182  0.0123  -0.0119]	-10.8842	0.0435	0.0411
[7,372,387]	[-0.0214  0.0124  -0.0095]	-11.0447	0.0435	0.0410
[7,372,388]	[-0.0290  0.0226  0.0249]	-25.7230	0.0000	0.0207
[7,372,390]	[-0.0214  0.0125  0.0061]	-11.6752	0.0435	0.0449
[7,372,392]	[-0.0219  0.0123  -0.0016]	-10.9360	0.0435	0.0408
[7,372,393]	[-0.0226  0.0133  0.0252]	-13.5557	0.0000	0.0475
[7,372,394]	[-0.0216  0.0122  -0.0117]	-10.6481	0.0435	0.0459
[7,372,396]	[-0.0218  0.0122  0.0042]	-10.9922	0.0435	0.0404
[7,372,401]	[-0.0217  0.0130  0.0069]	-12.3900	0.0000	0.0392
[7,372,402]	[-0.0217  0.0122  -0.0015]	-10.8861	0.0435	0.0402
[7,372,403]	[-0.0215  0.0121  0.0178]	-11.8923	0.0000	0.0459
[7,372,411]	[-0.0219  0.0124  -0.0058]	-10.9214	0.0435	0.0412
[7,372,414]	[-0.0219  0.0123  -0.0048]	-10.9254	0.0435	0.0395
[7,372,415]	[-0.0216  0.0123  0.0048]	-11.3044	0.0435	0.0445
[7,372,416]	[-0.0216  0.0123  0.0072]	-11.2035	0.0435	0.0428
[7,372,417]	[-0.0219  0.0122  0.0011]	-10.9818	0.0435	0.0401
[7,372,419]	[-0.0220  0.0122  0.0155]	-11.3047	0.0000	0.0438
[7,372,420]	[-0.0222  0.0125  -0.0157]	-11.0316	0.0435	0.0474
[7,372,423]	[-0.0217  0.0133  0.0084]	-13.7710	0.0435	0.0476
[7,372,424]	[-0.0220  0.0124  -0.0119]	-10.9582	0.0435	0.0428
[7,372,425]	[-0.0218  0.0127  -0.0122]	-10.9365	0.0000	0.0438
[7,372,426]	[-0.0212  0.0124  0.0161]	-11.6952	0.0000	0.0448
[7,372,427]	[-0.0217  0.0121  0.0050]	-11.3657	0.0435	0.0461
[7,372,433]	[-0.0218  0.0122  0.0013]	-10.9689	0.0435	0.0397
[7,372,437]	[-0.0210  0.0134  -0.0218]	-10.8444	0.0000	0.0478
[7,372,439]	[-0.0221  0.0124  0.0079]	-11.4320	0.0000	0.0418
[7,372,441]	[-0.0212  0.0123  -0.0117]	-10.5738	0.0435	0.0440
[7,372,445]	[-0.0212  0.0115  0.0073]	-11.3362	0.0000	0.0375
[7,372,446]	[-0.0191  0.0135  -0.0289]	-10.4579	0.0000	0.0459
[7,372,447]	[-0.0209  0.0126  0.0115]	-12.2096	0.0435	0.0456
[7,372,451]	[-0.0213  0.0124  -0.0047]	-10.7234	0.0435	0.0421
[7,372,455]	[-0.0186  0.0127  -0.0176]	-10.6167	0.0435	0.0483
[7,372,456]	[-0.0296  0.0215  0.0193]	-23.6559	0.0000	0.0156
[7,372,460]	[-0.0218  0.0121  0.0063]	-10.9814	0.0435	0.0400
[7,372,463]	[-0.0221  0.0123  0.0051]	-11.2193	0.0435	0.0444
[8,95,372]	[0.0105  0.0130  0.0096]	-14.5838	0.0000	0.0481
[8,322,372]	[0.0133  0.0104  0.0100]	-14.0193	0.0000	0.0490
[8,356,372]	[0.0125  -0.0319  0.0133]	-9.9619	0.0000	0.0468
[8,372,388]	[-0.0051  0.0130  0.0193]	-17.8259	0.0000	0.0296
[8,372,456]	[0.0144  0.0114  0.0137]	-16.2029	0.0000	0.0311
[9,322,372]	[0.0080  0.0110  0.0109]	-15.8349	0.0000	0.0495
[9,372,388]	[0.0052  0.0131  0.0185]	-18.9486	0.0000	0.0390
[9,372,456]	[0.0081  0.0122  0.0141]	-17.9182	0.0000	0.0380
[10,95,372]	[-0.0069  0.0130  0.0098]	-14.1454	0.0000	0.0432
[10,372,456]	[0.0004  0.0115  0.0137]	-15.6019	0.0000	0.0206
[11,95,372]	[-0.0128  0.0140  0.0114]	-14.6865	0.0000	0.0478
[11,165,372]	[-0.0029  -0.0107  0.0131]	-7.7756	0.0000	0.0461
[11,322,372]	[-0.0119  0.0110  0.0116]	-13.8345	0.0000	0.0497
[11,372,388]	[-0.0086  0.0137  0.0187]	-17.7657	0.0000	0.0354
[11,372,456]	[-0.0072  0.0122  0.0135]	-15.4872	0.0000	0.0289
[12,372,388]	[0.0459  0.0212  0.0279]	-35.4649	0.0000	0.0458
[12,372,456]	[0.0421  0.0186  0.0201]	-31.0334	0.0000	0.0452
[14,337,372]	[0.0097  -0.0198  0.0118]	-9.6283	0.0435	0.0490
[15,322,372]	[-0.0011  0.0105  0.0101]	-13.5119	0.0000	0.0377
[15,356,372]	[0.0061  -0.0320  0.0134]	-9.4921	0.0000	0.0408
[16,165,372]	[0.0052  -0.0108  0.0129]	-7.8601	0.0000	0.0397
[16,337,372]	[-0.0009  -0.0204  0.0120]	-9.5054	0.0435	0.0469
[17,165,372]	[-0.0053  -0.0108  0.0131]	-7.7572	0.0000	0.0408
[17,372,388]	[-0.0223  0.0137  0.0190]	-17.8234	0.0000	0.0438
[17,372,456]	[-0.0261  0.0125  0.0140]	-15.7106	0.0000	0.0465
[19,95,372]	[-0.0014  0.0133  0.0098]	-14.2615	0.0000	0.0414
[19,356,372]	[0.0091  -0.0322  0.0133]	-9.6084	0.0000	0.0428
[19,372,388]	[-0.0212  0.0137  0.0204]	-18.2563	0.0000	0.0413
[19,372,456]	[-0.0056  0.0116  0.0139]	-15.5992	0.0000	0.0235
[20,95,372]	[0.0020  0.0134  0.0097]	-14.4376	0.0000	0.0437
[20,165,372]	[0.0001  -0.0109  0.0129]	-7.7791	0.0000	0.0370
[20,337,372]	[0.0012  -0.0204  0.0120]	-9.5963	0.0435	0.0493
[20,356,372]	[-0.0102  -0.0324  0.0136]	-8.8336	0.0000	0.0464
[20,372,388]	[-0.0017  0.0128  0.0188]	-17.6737	0.0000	0.0293
[20,372,456]	[-0.0075  0.0115  0.0137]	-15.1458	0.0000	0.0284
[21,165,372]	[0.0104  -0.0114  0.0129]	-7.6288	0.0000	0.0475
[22,372,388]	[0.0175  0.0129  0.0199]	-18.5215	0.0000	0.0358
[22,372,456]	[-0.0149  0.0115  0.0132]	-15.2134	0.0000	0.0309
[24,165,372]	[0.0046  -0.0109  0.0128]	-7.9821	0.0000	0.0452
[24,372,388]	[0.0165  0.0136  0.0222]	-20.3797	0.0000	0.0394
[24,372,456]	[0.0127  0.0117  0.0153]	-17.1145	0.0000	0.0309
[25,95,372]	[-0.0087  0.0141  0.0107]	-13.6325	0.0000	0.0447
[25,165,372]	[0.0068  -0.0117  0.0128]	-8.6341	0.0000	0.0482
[25,322,372]	[0.0048  0.0112  0.0099]	-14.4696	0.0000	0.0473
[25,372,388]	[-0.0065  0.0135  0.0192]	-17.1745	0.0000	0.0313
[25,372,456]	[-0.0019  0.0116  0.0137]	-15.3406	0.0000	0.0255
[26,95,372]	[-0.0080  0.0128  0.0100]	-13.2985	0.0000	0.0410
[26,322,372]	[-0.0135  0.0106  0.0108]	-12.3206	0.0000	0.0464
[26,372,388]	[0.0113  0.0130  0.0210]	-20.0398	0.0000	0.0417
[26,372,456]	[0.0019  0.0115  0.0139]	-15.8986	0.0000	0.0271
[27,165,372]	[0.0028  -0.0108  0.0130]	-8.1660	0.0000	0.0391
[27,322,372]	[0.0052  0.0103  0.0102]	-14.1298	0.0435	0.0478
[27,372,388]	[0.0086  0.0130  0.0187]	-18.9495	0.0000	0.0345
[27,372,456]	[0.0100  0.0117  0.0136]	-16.9819	0.0000	0.0295
[28,372,456]	[0.0045  0.0125  0.0163]	-17.9464	0.0435	0.0475
[29,95,372]	[-0.0010  0.0133  0.0098]	-14.2768	0.0000	0.0406
[29,165,372]	[0.0013  -0.0109  0.0129]	-7.7656	0.0000	0.0356
[29,322,372]	[0.0112  0.0107  0.0099]	-13.5960	0.0435	0.0492
[29,337,372]	[-0.0009  -0.0204  0.0120]	-9.5226	0.0435	0.0462
[29,356,372]	[0.0008  -0.0321  0.0134]	-9.4348	0.0000	0.0424
[29,372,388]	[0.0211  0.0126  0.0197]	-18.1808	0.0000	0.0403
[29,372,456]	[0.0066  0.0113  0.0137]	-15.5867	0.0000	0.0235
[30,165,372]	[0.0090  -0.0105  0.0128]	-8.2658	0.0000	0.0486
[30,337,372]	[0.0008  -0.0202  0.0120]	-9.5495	0.0435	0.0472
[30,372,456]	[0.0418  0.0137  0.0187]	-20.9314	0.0000	0.0499
[31,95,372]	[0.0077  0.0135  0.0101]	-15.3448	0.0000	0.0408
[31,165,372]	[0.0086  -0.0111  0.0134]	-8.8331	0.0000	0.0431
[31,337,372]	[-0.0054  -0.0205  0.0119]	-8.8629	0.0435	0.0472
[31,356,372]	[-0.0141  -0.0332  0.0131]	-7.7701	0.0000	0.0495
[31,372,388]	[0.0118  0.0134  0.0193]	-19.4917	0.0000	0.0293
[32,372,456]	[-0.0013  0.0114  0.0141]	-15.2361	0.0000	0.0479
[33,372,388]	[0.0021  0.0128  0.0188]	-17.7759	0.0000	0.0273
[33,372,456]	[0.0126  0.0113  0.0134]	-15.5539	0.0000	0.0277
[34,95,372]	[0.0065  0.0133  0.0097]	-14.4365	0.0000	0.0449
[34,356,372]	[0.0089  -0.0323  0.0134]	-9.6520	0.0000	0.0481
[34,372,388]	[0.0135  0.0129  0.0192]	-18.2849	0.0000	0.0329
[34,372,456]	[-0.0007  0.0115  0.0137]	-15.5840	0.0000	0.0228
[35,372,388]	[0.0257  0.0131  0.0191]	-21.1813	0.0000	0.0441
[35,372,456]	[0.0287  0.0119  0.0143]	-19.6101	0.0000	0.0494
[36,95,372]	[0.0073  0.0134  0.0098]	-14.5182	0.0000	0.0413
[36,165,372]	[0.0072  -0.0110  0.0130]	-7.9712	0.0000	0.0400
[36,356,372]	[-0.0006  -0.0321  0.0134]	-9.4212	0.0000	0.0415
[36,372,388]	[0.0192  0.0130  0.0192]	-18.5369	0.0000	0.0349
[36,372,456]	[0.0176  0.0116  0.0140]	-16.2557	0.0000	0.0308
[37,165,372]	[-0.0014  -0.0107  0.0129]	-7.7994	0.0000	0.0373
[37,356,372]	[-0.0138  -0.0304  0.0139]	-9.6580	0.0000	0.0475
[38,165,372]	[0.0102  -0.0113  0.0128]	-8.3143	0.0000	0.0480
[38,322,372]	[-0.0027  0.0106  0.0102]	-13.4191	0.0000	0.0379
[38,372,388]	[0.0074  0.0127  0.0191]	-18.3086	0.0000	0.0317
[38,372,456]	[0.0041  0.0113  0.0137]	-15.8350	0.0000	0.0240
[39,95,372]	[0.0019  0.0133  0.0096]	-14.2633	0.0000	0.0478
[39,322,372]	[0.0051  0.0110  0.0098]	-13.7113	0.0000	0.0462
[39,372,388]	[0.0042  0.0125  0.0191]	-17.8861	0.0000	0.0331
[39,372,456]	[0.0057  0.0110  0.0142]	-15.7873	0.0000	0.0258
[40,322,372]	[0.0064  0.0105  0.0101]	-13.5757	0.0435	0.0440
[40,356,372]	[-0.0124  -0.0325  0.0137]	-9.3465	0.0000	0.0463
[40,372,388]	[0.0201  0.0127  0.0192]	-18.1616	0.0000	0.0403
[41,165,372]	[0.0070  -0.0110  0.0130]	-8.0952	0.0000	0.0404
[41,322,372]	[0.0087  0.0107  0.0103]	-14.0354	0.0000	0.0457
[41,337,372]	[-0.0086  -0.0205  0.0120]	-9.1393	0.0435	0.0483
[41,356,372]	[0.0096  -0.0325  0.0136]	-9.9013	0.0000	0.0469
[42,322,372]	[-0.0033  0.0105  0.0103]	-13.5302	0.0435	0.0410
[42,337,372]	[-0.0036  -0.0203  0.0122]	-9.5541	0.0435	0.0474
[42,372,456]	[-0.0277  0.0130  0.0146]	-16.4506	0.0000	0.0495
[43,165,372]	[-0.0023  -0.0109  0.0130]	-7.7775	0.0000	0.0351
[43,322,372]	[0.0038  0.0105  0.0101]	-13.5020	0.0435	0.0377
[44,95,372]	[-0.0003  0.0133  0.0098]	-14.2461	0.0000	0.0487
[44,322,372]	[0.0039  0.0109  0.0102]	-14.0093	0.0000	0.0493
[44,372,388]	[-0.0036  0.0130  0.0193]	-17.7708	0.0000	0.0337
[44,372,456]	[-0.0011  0.0115  0.0137]	-15.5459	0.0000	0.0282
[45,337,372]	[-0.0115  -0.0199  0.0120]	-9.1365	0.0435	0.0484
[45,356,372]	[0.0102  -0.0333  0.0136]	-9.8038	0.0000	0.0471
[45,372,388]	[-0.0188  0.0128  0.0186]	-17.0955	0.0000	0.0367
[45,372,456]	[-0.0143  0.0114  0.0134]	-15.0024	0.0000	0.0280
[46,165,372]	[0.0003  -0.0109  0.0129]	-7.7935	0.0000	0.0367
[46,372,388]	[-0.0133  0.0129  0.0198]	-17.2017	0.0000	0.0351
[46,372,456]	[-0.0121  0.0115  0.0144]	-15.0095	0.0000	0.0302
[47,95,372]	[-0.0060  0.0130  0.0104]	-14.3504	0.0000	0.0460
[47,372,388]	[-0.0082  0.0138  0.0188]	-18.0794	0.0000	0.0397
[47,372,456]	[-0.0081  0.0125  0.0136]	-15.8668	0.0000	0.0324
[48,165,372]	[-0.0046  -0.0113  0.0133]	-7.5495	0.0000	0.0414
[48,372,388]	[0.0161  0.0129  0.0205]	-19.4957	0.0000	0.0382
[48,372,456]	[0.0118  0.0114  0.0144]	-16.5837	0.0000	0.0337
[49,322,372]	[0.0110  0.0109  0.0098]	-14.2141	0.0435	0.0468
[49,337,372]	[-0.0051  -0.0209  0.0124]	-9.3469	0.0435	0.0492
[49,356,372]	[0.0066  -0.0321  0.0132]	-9.7311	0.0000	0.0476
[49,372,456]	[0.0274  0.0114  0.0165]	-18.4688	0.0435	0.0455
[50,322,372]	[-0.0009  0.0105  0.0100]	-13.2900	0.0000	0.0468
[50,372,388]	[0.0019  0.0131  0.0191]	-18.3575	0.0000	0.0368
[50,372,456]	[0.0017  0.0117  0.0138]	-16.0916	0.0000	0.0302
[51,95,372]	[0.0063  0.0135  0.0097]	-14.5392	0.0435	0.0491
[51,165,372]	[-0.0001  -0.0109  0.0129]	-7.7691	0.0000	0.0369
[51,322,372]	[0.0097  0.0114  0.0102]	-14.2324	0.0435	0.0497
[51,337,372]	[0.0010  -0.0203  0.0120]	-9.5319	0.0435	0.0469
[51,372,388]	[0.0226  0.0139  0.0236]	-20.8508	0.0435	0.0372
[51,372,456]	[0.0169  0.0119  0.0160]	-17.3346	0.0435	0.0364
[53,95,372]	[-0.0054  0.0134  0.0100]	-14.3227	0.0000	0.0405
[53,337,372]	[0.0080  -0.0207  0.0117]	-9.5380	0.0435	0.0495
[53,372,388]	[0.0007  0.0128  0.0189]	-17.8011	0.0000	0.0278
[53,372,456]	[-0.0072  0.0119  0.0138]	-15.6802	0.0000	0.0244
[54,372,388]	[0.0067  0.0148  0.0238]	-22.1274	0.0000	0.0440
[54,372,456]	[0.0055  0.0127  0.0164]	-18.5361	0.0435	0.0377
[55,372,388]	[-0.0220  0.0131  0.0180]	-17.0272	0.0000	0.0361
[56,356,372]	[0.0103  -0.0309  0.0137]	-10.3685	0.0000	0.0407
[58,95,372]	[-0.0064  0.0142  0.0099]	-14.3451	0.0000	0.0474
[58,165,372]	[0.0009  -0.0109  0.0129]	-7.8300	0.0000	0.0399
[58,372,388]	[-0.0136  0.0133  0.0210]	-18.0783	0.0000	0.0357
[58,372,456]	[-0.0109  0.0118  0.0151]	-15.7072	0.0000	0.0263
[59,95,372]	[0.0003  0.0132  0.0097]	-14.2744	0.0000	0.0403
[59,165,372]	[0.0104  -0.0110  0.0130]	-8.2226	0.0000	0.0432
[59,372,388]	[-0.0018  0.0128  0.0189]	-17.7443	0.0000	0.0266
[59,372,456]	[0.0040  0.0115  0.0137]	-15.7471	0.0000	0.0232
[60,356,372]	[0.0111  -0.0344  0.0135]	-11.0857	0.0000	0.0478
[60,372,456]	[-0.0292  0.0137  0.0167]	-13.4102	0.0000	0.0455
[61,372,456]	[-0.0038  0.0134  0.0130]	-15.5006	0.0000	0.0478
[62,177,329]	[-0.0634  -0.1085  0.0654]	3.8659	0.0000	0.0499
[63,372,456]	[0.0031  0.0125  0.0159]	-17.8576	0.0000	0.0470
[64,165,372]	[0.0007  -0.0110  0.0129]	-7.7763	0.0000	0.0353
[66,95,372]	[-0.0011  0.0132  0.0097]	-14.1940	0.0000	0.0423
[66,165,372]	[-0.0009  -0.0109  0.0129]	-7.7353	0.0000	0.0366
[66,322,372]	[0.0031  0.0107  0.0102]	-13.7615	0.0435	0.0425
[66,356,372]	[-0.0067  -0.0321  0.0135]	-9.1620	0.0000	0.0457
[66,372,388]	[0.0182  0.0135  0.0212]	-19.8352	0.0000	0.0369
[66,372,456]	[0.0125  0.0118  0.0149]	-16.8044	0.0000	0.0300
[67,329,445]	[-0.0193  0.0320  0.0137]	-2.5545	0.0000	0.0491
[67,372,388]	[-0.0102  0.0125  0.0187]	-16.7680	0.0000	0.0358
[67,372,456]	[-0.0094  0.0112  0.0135]	-14.6173	0.0000	0.0321
[68,165,372]	[0.0067  -0.0109  0.0129]	-7.8452	0.0000	0.0395
[68,356,372]	[-0.0081  -0.0325  0.0136]	-9.3697	0.0000	0.0442
[69,95,372]	[0.0005  0.0131  0.0097]	-14.2658	0.0000	0.0445
[69,165,372]	[0.0130  -0.0105  0.0138]	-10.0751	0.0000	0.0481
[69,322,372]	[0.0151  0.0105  0.0114]	-16.1745	0.0000	0.0440
[69,337,372]	[0.0128  -0.0195  0.0129]	-11.7098	0.0435	0.0490
[69,372,388]	[-0.0065  0.0130  0.0211]	-17.8879	0.0000	0.0342
[69,372,456]	[-0.0125  0.0120  0.0180]	-15.9011	0.0000	0.0366
[70,372,456]	[0.0262  0.0115  0.0129]	-16.1424	0.0000	0.0473
[71,95,372]	[-0.0004  0.0133  0.0097]	-14.2087	0.0000	0.0466
[71,322,372]	[-0.0018  0.0106  0.0101]	-13.3038	0.0000	0.0465
[71,372,388]	[0.0092  0.0134  0.0199]	-19.5791	0.0435	0.0379
[71,372,456]	[0.0008  0.0115  0.0137]	-15.6962	0.0000	0.0280
[72,372,388]	[-0.0207  0.0139  0.0197]	-17.5496	0.0000	0.0335
[72,372,456]	[-0.0154  0.0121  0.0139]	-15.1652	0.0000	0.0320
[73,177,329]	[-0.0673  -0.1062  0.0580]	5.3585	0.0000	0.0469
[74,356,372]	[-0.0039  -0.0322  0.0136]	-9.5077	0.0000	0.0445
[74,372,388]	[0.0122  0.0125  0.0191]	-17.7216	0.0000	0.0298
[74,372,456]	[0.0221  0.0110  0.0144]	-15.6614	0.0000	0.0366
[75,165,372]	[0.0019  -0.0109  0.0129]	-7.8371	0.0000	0.0372
[75,356,372]	[0.0088  -0.0324  0.0133]	-9.7686	0.0000	0.0448
[75,372,456]	[-0.0280  0.0129  0.0158]	-15.8512	0.0000	0.0483
[76,165,372]	[0.0003  -0.0109  0.0129]	-7.7899	0.0000	0.0352
[76,337,372]	[0.0093  -0.0202  0.0121]	-10.0997	0.0435	0.0500
[76,372,388]	[0.0190  0.0132  0.0191]	-19.1602	0.0000	0.0362
[76,372,456]	[0.0118  0.0116  0.0136]	-16.3149	0.0000	0.0259
[78,95,372]	[0.0036  0.0131  0.0096]	-14.3533	0.0000	0.0413
[78,165,372]	[0.0004  -0.0109  0.0129]	-7.7908	0.0000	0.0371
[78,322,372]	[0.0050  0.0104  0.0100]	-13.6548	0.0000	0.0398
[78,372,388]	[0.0055  0.0127  0.0187]	-17.9915	0.0000	0.0327
[78,372,456]	[0.0051  0.0114  0.0136]	-15.7703	0.0000	0.0238
[79,322,372]	[-0.0045  0.0109  0.0102]	-13.5007	0.0000	0.0381
[79,372,388]	[0.0284  0.0130  0.0180]	-18.6427	0.0000	0.0468
[79,372,456]	[-0.0021  0.0115  0.0138]	-15.5666	0.0000	0.0204
[80,337,372]	[0.0059  -0.0201  0.0119]	-9.7357	0.0435	0.0494
[80,372,388]	[0.0286  0.0134  0.0210]	-20.1651	0.0435	0.0445
[80,372,456]	[0.0242  0.0118  0.0149]	-17.3303	0.0435	0.0427
[82,165,372]	[-0.0011  -0.0109  0.0130]	-7.7375	0.0000	0.0357
[82,356,372]	[0.0036  -0.0322  0.0134]	-9.5587	0.0000	0.0474
[84,337,372]	[0.0070  -0.0200  0.0119]	-9.7691	0.0435	0.0493
[85,95,372]	[-0.0018  0.0133  0.0098]	-14.2602	0.0000	0.0430
[85,165,372]	[0.0062  -0.0111  0.0128]	-7.8314	0.0000	0.0389
[85,322,372]	[0.0011  0.0105  0.0101]	-13.5196	0.0435	0.0426
[85,356,372]	[-0.0061  -0.0325  0.0137]	-9.4042	0.0000	0.0500
[85,372,388]	[0.0084  0.0126  0.0192]	-18.0494	0.0000	0.0333
[85,372,456]	[0.0041  0.0113  0.0138]	-15.6692	0.0000	0.0254
[86,322,372]	[-0.0030  0.0107  0.0101]	-13.3260	0.0435	0.0401
[86,356,372]	[0.0044  -0.0318  0.0135]	-9.8553	0.0000	0.0435
[86,372,388]	[0.0069  0.0130  0.0186]	-18.3334	0.0000	0.0295
[86,372,456]	[0.0110  0.0117  0.0134]	-16.4867	0.0000	0.0298
[87,95,372]	[-0.0011  0.0132  0.0098]	-14.2399	0.0000	0.0457
[87,165,372]	[0.0019  -0.0111  0.0130]	-7.7743	0.0000	0.0433
[87,322,372]	[-0.0052  0.0108  0.0104]	-13.6713	0.0000	0.0389
[87,337,372]	[-0.0064  -0.0210  0.0124]	-9.5825	0.0435	0.0491
[87,372,388]	[-0.0028  0.0129  0.0189]	-17.8002	0.0000	0.0304
[87,372,456]	[-0.0005  0.0115  0.0137]	-15.5825	0.0000	0.0258
[88,95,372]	[-0.0036  0.0135  0.0101]	-14.2316	0.0000	0.0476
[88,372,388]	[0.0058  0.0127  0.0200]	-18.6563	0.0000	0.0399
[88,372,456]	[0.0013  0.0114  0.0138]	-15.7013	0.0000	0.0321
[89,322,372]	[-0.0017  0.0106  0.0102]	-13.5173	0.0000	0.0392
[89,337,372]	[0.0107  -0.0203  0.0119]	-9.6566	0.0435	0.0478
[89,372,388]	[0.0082  0.0127  0.0188]	-17.8629	0.0000	0.0298
[89,372,456]	[0.0029  0.0114  0.0136]	-15.6045	0.0000	0.0220
[90,165,372]	[0.0099  -0.0111  0.0130]	-7.8669	0.0000	0.0461
[90,322,372]	[0.0038  0.0106  0.0101]	-13.5777	0.0435	0.0404
[90,337,372]	[0.0049  -0.0205  0.0120]	-9.5720	0.0435	0.0478
[90,372,388]	[0.0124  0.0129  0.0192]	-18.0872	0.0000	0.0337
[90,372,456]	[-0.0058  0.0115  0.0137]	-15.5441	0.0000	0.0226
[91,165,372]	[-0.0011  -0.0109  0.0131]	-7.6779	0.0000	0.0475
[91,372,388]	[0.0071  0.0127  0.0214]	-19.8102	0.0000	0.0387
[91,372,456]	[0.0037  0.0112  0.0144]	-16.3686	0.0000	0.0299
[92,372,388]	[0.0113  0.0127  0.0184]	-17.7367	0.0000	0.0301
[92,372,456]	[0.0096  0.0114  0.0133]	-15.5363	0.0000	0.0236
[93,372,388]	[0.0298  0.0148  0.0224]	-21.7474	0.0000	0.0378
[93,372,456]	[0.0333  0.0138  0.0177]	-20.1926	0.0000	0.0431
[94,177,329]	[-0.0756  -0.1035  0.0695]	5.9811	0.0000	0.0301
[95,96,372]	[0.0133  0.0066  0.0097]	-14.3577	0.0000	0.0414
[95,101,372]	[0.0131  0.0113  0.0100]	-15.0110	0.0435	0.0500
[95,102,372]	[0.0133  0.0061  0.0098]	-14.6398	0.0000	0.0499
[95,107,372]	[0.0133  -0.0127  0.0099]	-13.8804	0.0000	0.0488
[95,115,372]	[0.0130  0.0015  0.0096]	-14.1841	0.0000	0.0439
[95,116,372]	[0.0132  0.0070  0.0098]	-14.4487	0.0000	0.0417
[95,119,372]	[0.0133  0.0072  0.0099]	-14.8237	0.0000	0.0413
[95,121,372]	[0.0136  -0.0150  0.0111]	-14.0317	0.0000	0.0396
[95,124,372]	[0.0133  -0.0001  0.0097]	-14.2624	0.0000	0.0484
[95,125,372]	[0.0151  -0.0263  0.0121]	-14.9787	0.0435	0.0459
[95,134,372]	[0.0137  -0.0086  0.0097]	-14.0105	0.0000	0.0445
[95,145,372]	[0.0134  -0.0034  0.0098]	-14.0670	0.0000	0.0468
[95,146,372]	[0.0133  -0.0062  0.0098]	-14.2746	0.0000	0.0419
[95,154,372]	[0.0135  0.0032  0.0096]	-14.5699	0.0000	0.0439
[95,156,372]	[0.0123  0.0149  0.0094]	-14.7912	0.0000	0.0464
[95,158,372]	[0.0134  -0.0036  0.0098]	-14.2000	0.0000	0.0385
[95,160,372]	[0.0194  -0.0199  0.0159]	-18.4747	0.0000	0.0256
[95,165,372]	[0.0197  -0.0154  0.0206]	-18.0013	0.0000	0.0338
[95,168,372]	[0.0133  0.0002  0.0097]	-14.2739	0.0000	0.0426
[95,174,372]	[0.0134  0.0046  0.0096]	-14.4187	0.0000	0.0416
[95,176,372]	[0.0147  0.0098  0.0106]	-16.2063	0.0000	0.0491
[95,179,372]	[0.0130  0.0067  0.0100]	-15.0734	0.0000	0.0450
[95,189,372]	[0.0131  -0.0098  0.0099]	-13.7610	0.0000	0.0429
[95,190,372]	[0.0148  0.0137  0.0104]	-16.0222	0.0000	0.0434
[95,193,372]	[0.0133  -0.0033  0.0097]	-14.1451	0.0000	0.0444
[95,197,372]	[0.0133  0.0071  0.0095]	-14.1491	0.0000	0.0407
[95,202,372]	[0.0158  0.0105  0.0110]	-17.3219	0.0435	0.0495
[95,203,372]	[0.0131  -0.0072  0.0099]	-14.0313	0.0000	0.0375
[95,205,372]	[0.0132  0.0028  0.0097]	-14.2541	0.0000	0.0403
[95,214,372]	[0.0143  0.0104  0.0104]	-15.7118	0.0435	0.0468
[95,219,372]	[0.0134  0.0103  0.0098]	-14.9941	0.0000	0.0495
[95,221,372]	[0.0133  0.0099  0.0100]	-15.1964	0.0000	0.0410
[95,222,372]	[0.0136  0.0015  0.0099]	-14.7242	0.0000	0.0468
[95,225,372]	[0.0135  0.0101  0.0097]	-14.5040	0.0000	0.0486
[95,228,372]	[0.0133  -0.0037  0.0098]	-14.1553	0.0000	0.0452
[95,229,372]	[0.0142  0.0120  0.0110]	-17.2789	0.0000	0.0443
[95,230,372]	[0.0145  -0.0072  0.0101]	-14.4661	0.0000	0.0439
[95,242,372]	[0.0133  -0.0026  0.0098]	-14.2020	0.0000	0.0457
[95,244,372]	[0.0132  0.0015  0.0097]	-14.2981	0.0000	0.0380
[95,251,372]	[0.0194  -0.0381  0.0147]	-16.4076	0.0000	0.0407
[95,252,372]	[0.0135  0.0046  0.0098]	-14.5487	0.0000	0.0432
[95,258,372]	[0.0131  0.0077  0.0098]	-14.4861	0.0000	0.0436
[95,261,372]	[0.0135  0.0033  0.0096]	-14.5683	0.0000	0.0460
[95,264,372]	[0.0183  -0.0309  0.0146]	-10.4833	0.0435	0.0454
[95,265,372]	[0.0133  0.0009  0.0097]	-14.3312	0.0000	0.0457
[95,271,372]	[0.0130  -0.0117  0.0104]	-14.1821	0.0000	0.0369
[95,276,372]	[0.0141  0.0049  0.0101]	-15.1270	0.0000	0.0483
[95,277,372]	[0.0127  -0.0074  0.0100]	-13.9587	0.0000	0.0405
[95,279,372]	[0.0133  0.0014  0.0097]	-14.2886	0.0000	0.0388
[95,281,372]	[0.0133  -0.0065  0.0098]	-14.0073	0.0000	0.0361
[95,291,372]	[0.0132  0.0084  0.0098]	-14.5198	0.0000	0.0434
[95,295,372]	[0.0131  -0.0120  0.0100]	-14.2711	0.0000	0.0408
[95,300,372]	[0.0132  -0.0006  0.0097]	-14.1990	0.0000	0.0475
[95,306,372]	[0.0133  -0.0036  0.0098]	-14.1832	0.0000	0.0430
[95,307,372]	[0.0128  0.0064  0.0093]	-14.9061	0.0435	0.0476
[95,308,372]	[0.0150  0.0104  0.0103]	-15.8082	0.0435	0.0469
[95,312,372]	[0.0131  0.0070  0.0097]	-14.4942	0.0000	0.0436
[95,314,372]	[0.0133  0.0017  0.0097]	-14.2896	0.0000	0.0397
[95,315,372]	[0.0132  0.0002  0.0097]	-14.2704	0.0000	0.0424
[95,316,372]	[0.0132  0.0013  0.0097]	-14.2903	0.0000	0.0438
[95,321,372]	[0.0176  -0.0194  0.0131]	-9.6839	0.0435	0.0499
[95,322,372]	[0.0110  0.0082  0.0121]	-17.8589	0.0000	0.0378
[95,324,372]	[0.0143  0.0101  0.0096]	-15.3133	0.0000	0.0495
[95,333,372]	[0.0137  -0.0152  0.0113]	-14.8758	0.0000	0.0492
[95,337,372]	[0.0223  -0.0316  0.0208]	-22.0690	0.0000	0.0350
[95,339,372]	[0.0132  -0.0036  0.0098]	-14.2054	0.0000	0.0387
[95,345,372]	[0.0132  -0.0100  0.0097]	-13.9960	0.0435	0.0439
[95,347,372]	[0.0209  -0.0364  0.0156]	-19.7859	0.0000	0.0291
[95,354,372]	[0.0141  0.0049  0.0105]	-15.8120	0.0000	0.0477
[95,356,372]	[0.0187  -0.0407  0.0200]	-19.5843	0.0000	0.0427
[95,360,372]	[0.0132  -0.0012  0.0097]	-14.1806	0.0000	0.0418
[95,363,372]	[0.0130  0.0049  0.0098]	-14.4766	0.0000	0.0404
[95,364,372]	[0.0130  0.0125  0.0104]	-16.6315	0.0000	0.0435
[95,367,372]	[0.0133  -0.0031  0.0101]	-14.3620	0.0000	0.0483
[95,370,372]	[0.0133  0.0067  0.0097]	-14.3619	0.0000	0.0413
[95,371,372]	[0.0122  0.0097  0.0096]	-14.1849	0.0000	0.0428
[95,372,378]	[0.0142  0.0104  0.0054]	-15.5196	0.0000	0.0483
[95,372,381]	[0.0133  0.0097  -0.0002]	-14.2318	0.0000	0.0489
[95,372,384]	[0.0134  0.0100  0.0058]	-15.0245	0.0000	0.0444
[95,372,385]	[0.0133  0.0096  0.0085]	-14.6020	0.0000	0.0440
[95,372,388]	[-0.0023  0.0129  0.0208]	-17.6772	0.0000	0.0387
[95,372,390]	[0.0140  0.0107  0.0124]	-16.3087	0.0000	0.0466
[95,372,393]	[0.0131  0.0098  0.0047]	-14.6380	0.0000	0.0439
[95,372,395]	[0.0132  0.0097  -0.0006]	-14.1730	0.0000	0.0479
[95,372,397]	[0.0121  0.0100  0.0086]	-15.2104	0.0000	0.0490
[95,372,407]	[0.0131  0.0099  -0.0058]	-14.1151	0.0000	0.0424
[95,372,408]	[0.0133  0.0097  -0.0011]	-14.2288	0.0000	0.0410
[95,372,409]	[0.0132  0.0097  -0.0096]	-14.0870	0.0000	0.0426
[95,372,410]	[0.0132  0.0097  -0.0000]	-14.2628	0.0000	0.0409
[95,372,412]	[0.0147  0.0103  0.0050]	-15.8009	0.0000	0.0497
[95,372,414]	[0.0131  0.0096  0.0102]	-14.2899	0.0000	0.0413
[95,372,415]	[0.0140  0.0101  0.0077]	-15.2572	0.0435	0.0467
[95,372,419]	[0.0132  0.0097  0.0017]	-14.2785	0.0000	0.0397
[95,372,421]	[0.0137  0.0101  0.0110]	-15.1893	0.0000	0.0491
[95,372,423]	[0.0126  0.0105  0.0074]	-16.4308	0.0000	0.0455
[95,372,426]	[0.0128  0.0098  0.0082]	-14.4649	0.0000	0.0411
[95,372,428]	[0.0134  0.0097  -0.0092]	-13.9062	0.0000	0.0445
[95,372,439]	[0.0134  0.0098  0.0064]	-14.6905	0.0000	0.0438
[95,372,445]	[0.0126  0.0090  0.0073]	-14.4095	0.0435	0.0442
[95,372,456]	[0.0012  0.0115  0.0129]	-15.7286	0.0000	0.0258
[95,372,460]	[0.0137  0.0101  -0.0096]	-14.4489	0.0000	0.0446
[95,372,464]	[0.0136  0.0108  0.0173]	-17.9236	0.0435	0.0487
[96,337,372]	[-0.0065  -0.0204  0.0121]	-9.4575	0.0435	0.0468
[96,372,456]	[0.0181  0.0114  0.0139]	-15.9135	0.0000	0.0333
[97,165,372]	[0.0068  -0.0111  0.0125]	-8.2499	0.0000	0.0428
[97,372,388]	[0.0135  0.0125  0.0212]	-20.0110	0.0000	0.0354
[97,372,456]	[0.0086  0.0110  0.0142]	-16.5203	0.0000	0.0315
[98,165,372]	[-0.0008  -0.0109  0.0130]	-7.7602	0.0000	0.0394
[98,322,372]	[-0.0071  0.0102  0.0105]	-13.2175	0.0435	0.0442
[98,337,372]	[-0.0000  -0.0204  0.0120]	-9.5157	0.0435	0.0495
[98,372,388]	[-0.0121  0.0138  0.0189]	-17.6694	0.0000	0.0358
[98,372,456]	[-0.0101  0.0122  0.0136]	-15.3957	0.0000	0.0257
[99,165,372]	[-0.0012  -0.0106  0.0128]	-7.7990	0.0000	0.0430
[99,356,372]	[-0.0222  -0.0326  0.0157]	-10.1524	0.0000	0.0497
[99,372,388]	[-0.0258  0.0159  0.0205]	-19.5079	0.0000	0.0354
[99,372,456]	[-0.0274  0.0149  0.0158]	-17.6837	0.0000	0.0329
[100,372,456]	[0.0030  0.0123  0.0128]	-17.5111	0.0000	0.0410
[101,165,372]	[0.0070  -0.0108  0.0130]	-8.2793	0.0000	0.0385
[101,372,388]	[-0.0020  0.0128  0.0189]	-17.7044	0.0000	0.0272
[101,372,456]	[-0.0015  0.0114  0.0137]	-15.5177	0.0000	0.0225
[102,165,372]	[0.0076  -0.0110  0.0131]	-8.2257	0.0000	0.0443
[102,322,372]	[-0.0034  0.0106  0.0101]	-13.3693	0.0435	0.0382
[102,356,372]	[0.0046  -0.0321  0.0135]	-9.7091	0.0000	0.0446
[102,372,388]	[-0.0186  0.0130  0.0202]	-17.4148	0.0000	0.0348
[102,372,456]	[0.0019  0.0115  0.0137]	-15.6990	0.0000	0.0232
[103,165,372]	[0.0047  -0.0111  0.0129]	-7.9768	0.0000	0.0422
[103,337,372]	[-0.0035  -0.0203  0.0121]	-9.3665	0.0435	0.0475
[103,372,456]	[-0.0279  0.0130  0.0162]	-15.9354	0.0000	0.0416
[105,372,388]	[-0.0233  0.0145  0.0224]	-16.7888	0.0000	0.0430
[105,372,456]	[-0.0263  0.0136  0.0179]	-14.7470	0.0000	0.0383
[106,322,372]	[-0.0056  0.0110  0.0101]	-13.0008	0.0000	0.0484
[106,356,372]	[-0.0006  -0.0322  0.0134]	-9.3618	0.0000	0.0471
[106,372,388]	[0.0134  0.0134  0.0188]	-19.7035	0.0000	0.0356
[106,372,456]	[0.0199  0.0125  0.0140]	-18.6929	0.0000	0.0400
[107,322,372]	[0.0045  0.0106  0.0101]	-13.6831	0.0435	0.0391
[107,372,456]	[-0.0075  0.0115  0.0137]	-15.3501	0.0000	0.0227
[108,322,372]	[0.0036  0.0104  0.0102]	-13.7957	0.0435	0.0447
[108,372,456]	[0.0178  0.0120  0.0140]	-17.5058	0.0000	0.0367
[109,356,372]	[-0.0010  -0.0322  0.0135]	-9.3788	0.0000	0.0480
[109,372,388]	[0.0081  0.0126  0.0187]	-18.2293	0.0000	0.0310
[109,372,456]	[0.0048  0.0113  0.0136]	-15.8247	0.0000	0.0249
[111,322,372]	[-0.0071  0.0111  0.0102]	-13.2356	0.0435	0.0450
[111,372,388]	[-0.0141  0.0129  0.0200]	-17.2421	0.0000	0.0307
[111,372,456]	[0.0001  0.0115  0.0137]	-15.6016	0.0000	0.0214
[113,165,372]	[0.0087  -0.0111  0.0130]	-7.8394	0.0000	0.0421
[113,177,329]	[-0.0328  -0.0970  0.0614]	2.7416	0.0435	0.0498
[114,372,388]	[-0.0139  0.0131  0.0186]	-17.0253	0.0000	0.0324
[114,372,456]	[-0.0111  0.0116  0.0134]	-14.9421	0.0000	0.0247
[115,165,372]	[0.0038  -0.0109  0.0128]	-7.8649	0.0000	0.0433
[115,322,372]	[0.0072  0.0117  0.0103]	-14.3593	0.0000	0.0412
[115,372,388]	[0.0032  0.0127  0.0187]	-17.8140	0.0000	0.0362
[115,372,456]	[0.0024  0.0113  0.0135]	-15.5570	0.0000	0.0282
[116,322,372]	[0.0020  0.0105  0.0101]	-13.5548	0.0435	0.0383
[116,356,372]	[-0.0024  -0.0322  0.0134]	-9.3654	0.0000	0.0402
[116,372,388]	[0.0146  0.0129  0.0188]	-18.2432	0.0000	0.0307
[116,372,456]	[0.0123  0.0115  0.0136]	-15.9579	0.0000	0.0242
[117,337,372]	[-0.0145  -0.0184  0.0126]	-9.7953	0.0435	0.0485
[117,372,388]	[-0.0259  0.0147  0.0184]	-18.4003	0.0000	0.0456
[117,372,456]	[-0.0266  0.0135  0.0134]	-16.2877	0.0000	0.0435
[119,322,372]	[0.0029  0.0104  0.0101]	-13.6753	0.0435	0.0421
[119,372,388]	[-0.0014  0.0128  0.0189]	-17.7350	0.0000	0.0307
[119,372,456]	[-0.0007  0.0115  0.0137]	-15.5576	0.0000	0.0245
[120,165,372]	[0.0062  -0.0109  0.0129]	-8.1331	0.0000	0.0459
[120,372,388]	[0.0007  0.0128  0.0188]	-17.8248	0.0000	0.0301
[120,372,456]	[0.0012  0.0114  0.0136]	-15.6394	0.0000	0.0239
[121,165,372]	[-0.0055  -0.0106  0.0132]	-7.6125	0.0000	0.0373
[121,322,372]	[-0.0097  0.0101  0.0108]	-13.0126	0.0000	0.0384
[121,372,388]	[-0.0035  0.0130  0.0185]	-17.5259	0.0000	0.0317
[121,372,456]	[-0.0067  0.0119  0.0133]	-15.1880	0.0000	0.0245
[122,372,388]	[-0.0236  0.0130  0.0183]	-17.2090	0.0000	0.0427
[123,177,329]	[0.0796  -0.0932  0.0686]	0.2785	0.0000	0.0500
[123,337,372]	[-0.0076  -0.0207  0.0121]	-9.4807	0.0435	0.0479
[123,356,372]	[-0.0043  -0.0323  0.0135]	-9.4132	0.0000	0.0406
[123,372,456]	[0.0173  0.0113  0.0136]	-15.6909	0.0000	0.0323
[124,165,372]	[0.0034  -0.0110  0.0127]	-7.9665	0.0000	0.0450
[124,372,388]	[0.0031  0.0126  0.0189]	-17.9987	0.0000	0.0348
[124,372,456]	[0.0039  0.0112  0.0138]	-15.8848	0.0000	0.0294
[125,165,372]	[-0.0046  -0.0101  0.0128]	-7.7104	0.0000	0.0382
[125,322,372]	[-0.0201  0.0102  0.0115]	-13.1877	0.0000	0.0493
[125,337,372]	[-0.0197  -0.0199  0.0134]	-9.3050	0.0435	0.0478
[125,356,372]	[-0.0069  -0.0300  0.0135]	-9.2469	0.0000	0.0473
[125,372,388]	[-0.0184  0.0140  0.0183]	-17.3352	0.0000	0.0386
[125,372,456]	[-0.0226  0.0133  0.0141]	-15.6257	0.0000	0.0371
[126,165,372]	[-0.0104  -0.0111  0.0133]	-7.6630	0.0000	0.0486
[126,322,372]	[-0.0093  0.0107  0.0104]	-13.5270	0.0000	0.0417
[126,372,388]	[0.0198  0.0128  0.0200]	-18.6218	0.0000	0.0426
[126,372,456]	[0.0148  0.0113  0.0143]	-16.0958	0.0000	0.0363
[127,165,372]	[0.0057  -0.0106  0.0125]	-7.9880	0.0000	0.0471
[127,372,456]	[0.0178  0.0113  0.0155]	-17.3996	0.0000	0.0361
[128,372,388]	[0.0082  0.0143  0.0231]	-20.7428	0.0435	0.0451
[128,372,456]	[0.0063  0.0122  0.0158]	-17.3105	0.0435	0.0363
[130,372,388]	[0.0027  0.0124  0.0191]	-18.0796	0.0000	0.0445
[130,372,456]	[0.0004  0.0114  0.0137]	-15.6258	0.0000	0.0357
[131,372,456]	[-0.0087  0.0154  0.0142]	-16.0744	0.0000	0.0487
[132,322,372]	[-0.0016  0.0105  0.0103]	-13.2794	0.0000	0.0459
[132,372,388]	[0.0025  0.0127  0.0191]	-18.3191	0.0000	0.0382
[132,372,456]	[0.0010  0.0114  0.0137]	-15.7850	0.0000	0.0332
[133,165,372]	[0.0111  -0.0111  0.0127]	-7.9162	0.0000	0.0484
[133,322,372]	[-0.0062  0.0107  0.0104]	-13.5525	0.0000	0.0413
[133,356,372]	[0.0100  -0.0325  0.0132]	-9.5860	0.0000	0.0466
[133,372,388]	[0.0070  0.0126  0.0189]	-17.9306	0.0000	0.0304
[133,372,456]	[0.0147  0.0112  0.0141]	-16.0388	0.0435	0.0358
[134,372,388]	[0.0227  0.0132  0.0187]	-18.9354	0.0000	0.0395
[134,372,456]	[0.0148  0.0117  0.0135]	-16.2757	0.0000	0.0293
[135,372,388]	[0.0215  0.0132  0.0180]	-19.0175	0.0000	0.0420
[135,372,456]	[0.0272  0.0121  0.0129]	-17.2656	0.0435	0.0497
[137,165,372]	[-0.0043  -0.0111  0.0138]	-7.8369	0.0000	0.0485
[137,372,388]	[-0.0007  0.0129  0.0188]	-17.7869	0.0000	0.0401
[137,372,456]	[-0.0010  0.0116  0.0136]	-15.5811	0.0000	0.0340
[138,322,372]	[-0.0023  0.0105  0.0101]	-13.3870	0.0435	0.0377
[138,356,372]	[0.0129  -0.0326  0.0136]	-10.2190	0.0000	0.0480
[138,372,388]	[0.0013  0.0128  0.0189]	-17.8773	0.0000	0.0268
[138,372,456]	[-0.0036  0.0114  0.0137]	-15.4021	0.0000	0.0209
[139,165,372]	[0.0009  -0.0110  0.0130]	-7.8498	0.0000	0.0417
[139,322,372]	[-0.0035  0.0103  0.0101]	-13.0776	0.0000	0.0452
[139,372,388]	[0.0099  0.0133  0.0205]	-19.5526	0.0000	0.0328
[139,372,456]	[0.0080  0.0118  0.0147]	-16.9198	0.0000	0.0211
[140,356,372]	[0.0048  -0.0317  0.0134]	-9.6152	0.0000	0.0414
[140,372,388]	[-0.0040  0.0128  0.0191]	-17.7684	0.0000	0.0268
[140,372,456]	[0.0065  0.0115  0.0134]	-15.6897	0.0000	0.0227
[143,372,388]	[-0.0077  0.0131  0.0179]	-16.5623	0.0000	0.0345
[143,372,456]	[-0.0065  0.0117  0.0129]	-14.5171	0.0000	0.0246
[144,165,372]	[-0.0006  -0.0108  0.0130]	-7.7877	0.0000	0.0465
[144,372,388]	[-0.0087  0.0141  0.0181]	-17.6836	0.0000	0.0497
[144,372,456]	[-0.0106  0.0132  0.0134]	-15.7544	0.0435	0.0450
[145,165,372]	[0.0060  -0.0111  0.0130]	-8.2172	0.0000	0.0451
[145,322,372]	[0.0034  0.0106  0.0102]	-13.7992	0.0435	0.0468
[145,372,388]	[-0.0109  0.0131  0.0196]	-17.4008	0.0000	0.0343
[145,372,456]	[-0.0190  0.0121  0.0154]	-15.2522	0.0000	0.0360
[146,372,388]	[-0.0238  0.0133  0.0195]	-18.0568	0.0000	0.0437
[146,372,456]	[0.0089  0.0114  0.0137]	-15.6658	0.0000	0.0233
[147,165,372]	[0.0028  -0.0108  0.0128]	-8.1322	0.0000	0.0482
[147,372,388]	[0.0063  0.0135  0.0209]	-19.7570	0.0000	0.0452
[147,372,456]	[0.0041  0.0116  0.0140]	-16.3401	0.0000	0.0371
[149,322,372]	[-0.0009  0.0105  0.0101]	-13.4106	0.0000	0.0404
[149,372,388]	[0.0072  0.0132  0.0194]	-18.8379	0.0000	0.0340
[149,372,456]	[0.0067  0.0118  0.0141]	-16.5225	0.0000	0.0281
[150,372,388]	[0.0088  0.0132  0.0218]	-20.3224	0.0000	0.0485
[150,372,456]	[0.0073  0.0117  0.0155]	-17.4598	0.0000	0.0437
[151,165,372]	[-0.0004  -0.0109  0.0129]	-7.7740	0.0000	0.0390
[151,337,372]	[-0.0112  -0.0192  0.0125]	-9.5013	0.0435	0.0479
[151,356,372]	[-0.0043  -0.0312  0.0135]	-9.4199	0.0000	0.0486
[152,197,341]	[-0.1605  0.1507  -0.1605]	8.5703	0.0000	0.0457
[153,337,372]	[0.0014  -0.0203  0.0120]	-9.5269	0.0435	0.0461
[154,165,372]	[0.0022  -0.0110  0.0129]	-7.8896	0.0000	0.0387
[154,337,372]	[-0.0039  -0.0202  0.0122]	-9.2877	0.0435	0.0500
[154,372,388]	[0.0124  0.0126  0.0201]	-19.1507	0.0000	0.0318
[154,372,456]	[0.0024  0.0114  0.0138]	-15.8082	0.0000	0.0222
[156,165,372]	[0.0135  -0.0103  0.0124]	-8.6724	0.0000	0.0392
[156,322,372]	[0.0069  0.0097  0.0098]	-13.5084	0.0435	0.0422
[156,347,372]	[0.0300  -0.0253  0.0088]	-10.6321	0.0000	0.0494
[156,372,388]	[0.0185  0.0125  0.0183]	-18.7689	0.0000	0.0348
[156,372,456]	[0.0034  0.0113  0.0134]	-15.6287	0.0000	0.0227
[157,165,372]	[-0.0029  -0.0107  0.0131]	-7.8818	0.0000	0.0416
[157,337,372]	[-0.0017  -0.0201  0.0121]	-9.5626	0.0435	0.0486
[157,372,456]	[-0.0248  0.0140  0.0152]	-17.4599	0.0000	0.0451
[158,165,372]	[0.0092  -0.0109  0.0130]	-8.1874	0.0000	0.0440
[158,337,372]	[0.0017  -0.0203  0.0120]	-9.5855	0.0435	0.0469
[158,356,372]	[0.0095  -0.0321  0.0134]	-9.8648	0.0000	0.0479
[158,372,388]	[0.0115  0.0129  0.0189]	-18.3236	0.0000	0.0303
[158,372,456]	[0.0132  0.0115  0.0138]	-16.2330	0.0000	0.0308
[159,165,372]	[0.0009  -0.0109  0.0128]	-7.7209	0.0000	0.0443
[159,251,255]	[0.0265  -0.0216  0.0275]	-1.4245	0.0000	0.0480
[159,372,388]	[-0.0077  0.0145  0.0199]	-18.7902	0.0000	0.0402
[159,372,456]	[-0.0086  0.0133  0.0148]	-16.7308	0.0000	0.0334
[160,165,372]	[-0.0085  -0.0067  0.0124]	-8.1130	0.0000	0.0475
[160,171,372]	[-0.0132  0.0072  0.0110]	-12.0222	0.0435	0.0464
[160,322,372]	[-0.0155  0.0118  0.0142]	-15.0795	0.0000	0.0349
[160,364,372]	[-0.0134  0.0059  0.0098]	-9.3558	0.0435	0.0498
[160,372,388]	[-0.0167  0.0175  0.0211]	-19.9423	0.0000	0.0244
[160,372,445]	[-0.0136  0.0090  0.0068]	-8.6447	0.0000	0.0405
[160,372,456]	[-0.0180  0.0168  0.0168]	-18.4277	0.0000	0.0201
[161,165,372]	[-0.0015  -0.0110  0.0130]	-7.7557	0.0000	0.0362
[161,372,456]	[0.0256  0.0115  0.0153]	-16.8386	0.0435	0.0496
[162,337,372]	[0.0050  -0.0203  0.0118]	-9.5680	0.0435	0.0496
[162,372,456]	[-0.0194  0.0130  0.0152]	-16.2645	0.0000	0.0318
[163,372,388]	[0.0116  0.0128  0.0197]	-18.4363	0.0000	0.0342
[163,372,456]	[0.0092  0.0114  0.0142]	-16.0659	0.0000	0.0284
[164,165,372]	[-0.0076  -0.0105  0.0130]	-7.5518	0.0000	0.0368
[164,372,388]	[-0.0239  0.0136  0.0186]	-17.0140	0.0000	0.0457
[165,167,372]	[-0.0110  0.0063  0.0127]	-8.2974	0.0000	0.0446
[165,169,372]	[-0.0110  -0.0041  0.0130]	-7.6005	0.0000	0.0370
[165,174,372]	[-0.0115  -0.0103  0.0137]	-7.5819	0.0000	0.0491
[165,176,372]	[-0.0109  0.0065  0.0133]	-8.5490	0.0000	0.0469
[165,179,372]	[-0.0107  0.0045  0.0131]	-8.3959	0.0000	0.0451
[165,184,372]	[-0.0110  -0.0051  0.0130]	-7.7146	0.0000	0.0389
[165,189,372]	[-0.0109  -0.0011  0.0129]	-7.7227	0.0000	0.0366
[165,190,372]	[-0.0106  0.0057  0.0128]	-8.1593	0.0000	0.0395
[165,198,372]	[-0.0109  0.0011  0.0129]	-7.8354	0.0000	0.0375
[165,200,372]	[-0.0108  0.0061  0.0129]	-7.8547	0.0000	0.0401
[165,202,372]	[-0.0108  0.0007  0.0129]	-7.8807	0.0000	0.0438
[165,204,372]	[-0.0103  0.0050  0.0124]	-8.2509	0.0000	0.0445
[165,205,372]	[-0.0109  0.0028  0.0129]	-7.7952	0.0000	0.0372
[165,207,372]	[-0.0106  -0.0088  0.0131]	-7.9897	0.0000	0.0422
[165,209,372]	[-0.0110  0.0003  0.0129]	-7.7706	0.0000	0.0472
[165,214,372]	[-0.0106  0.0047  0.0129]	-8.1859	0.0000	0.0411
[165,217,372]	[-0.0112  0.0086  0.0127]	-7.7313	0.0000	0.0461
[165,219,372]	[-0.0110  0.0070  0.0130]	-8.2250	0.0000	0.0400
[165,220,372]	[-0.0110  0.0038  0.0129]	-7.9095	0.0000	0.0373
[165,227,372]	[-0.0107  -0.0086  0.0135]	-8.2008	0.0000	0.0409
[165,228,372]	[-0.0110  -0.0033  0.0130]	-7.6452	0.0000	0.0380
[165,230,372]	[-0.0110  0.0068  0.0130]	-8.2037	0.0000	0.0429
[165,231,372]	[-0.0109  -0.0007  0.0129]	-7.7439	0.0000	0.0374
[165,234,372]	[-0.0107  -0.0057  0.0130]	-7.5858	0.0000	0.0396
[165,242,372]	[-0.0109  -0.0023  0.0130]	-7.7137	0.0000	0.0380
[165,256,372]	[-0.0109  0.0012  0.0129]	-7.7888	0.0000	0.0358
[165,257,372]	[-0.0109  -0.0013  0.0129]	-7.7815	0.0000	0.0341
[165,261,372]	[-0.0113  -0.0096  0.0137]	-7.2651	0.0000	0.0463
[165,263,372]	[-0.0104  0.0118  0.0131]	-8.8065	0.0000	0.0498
[165,264,372]	[-0.0079  -0.0144  0.0128]	-4.7135	0.0000	0.0485
[165,265,372]	[-0.0110  0.0013  0.0129]	-7.8619	0.0000	0.0402
[165,268,372]	[-0.0108  -0.0041  0.0133]	-7.6082	0.0000	0.0470
[165,271,372]	[-0.0106  -0.0085  0.0133]	-7.8003	0.0000	0.0410
[165,276,372]	[-0.0108  0.0024  0.0129]	-7.9865	0.0000	0.0458
[165,277,372]	[-0.0108  -0.0006  0.0129]	-7.7670	0.0000	0.0405
[165,280,372]	[-0.0110  0.0032  0.0130]	-7.8315	0.0000	0.0367
[165,281,372]	[-0.0110  -0.0059  0.0130]	-7.5011	0.0000	0.0385
[165,288,372]	[-0.0107  0.0084  0.0127]	-7.8313	0.0000	0.0437
[165,290,372]	[-0.0111  0.0101  0.0130]	-7.9501	0.0000	0.0435
[165,291,372]	[-0.0110  -0.0053  0.0129]	-7.5855	0.0000	0.0376
[165,293,372]	[-0.0109  -0.0085  0.0130]	-7.7411	0.0000	0.0409
[165,295,372]	[-0.0108  -0.0067  0.0131]	-7.8108	0.0000	0.0391
[165,298,372]	[-0.0112  -0.0093  0.0130]	-7.3540	0.0000	0.0425
[165,301,372]	[-0.0107  -0.0058  0.0129]	-7.5981	0.0000	0.0377
[165,308,372]	[-0.0107  0.0020  0.0128]	-7.8966	0.0000	0.0421
[165,310,372]	[-0.0105  -0.0089  0.0132]	-7.8895	0.0000	0.0420
[165,313,372]	[-0.0109  -0.0003  0.0129]	-7.7568	0.0000	0.0374
[165,314,372]	[-0.0109  -0.0080  0.0130]	-7.7057	0.0000	0.0410
[165,316,372]	[-0.0109  0.0009  0.0129]	-7.8210	0.0000	0.0408
[165,317,372]	[-0.0098  -0.0097  0.0130]	-7.0994	0.0000	0.0409
[165,322,372]	[-0.0109  0.0104  0.0166]	-13.7619	0.0000	0.0387
[165,324,372]	[-0.0109  0.0069  0.0127]	-8.1306	0.0000	0.0453
[165,327,372]	[-0.0112  0.0095  0.0132]	-8.6783	0.0000	0.0474
[165,330,372]	[-0.0108  0.0102  0.0130]	-8.6308	0.0000	0.0443
[165,333,372]	[-0.0106  -0.0063  0.0133]	-7.9174	0.0000	0.0435
[165,338,372]	[-0.0109  -0.0003  0.0129]	-7.7549	0.0000	0.0349
[165,340,372]	[-0.0115  0.0078  0.0130]	-8.0588	0.0000	0.0428
[165,346,372]	[-0.0108  0.0036  0.0129]	-7.8924	0.0000	0.0368
[165,347,372]	[-0.0079  -0.0141  0.0126]	-8.3123	0.0000	0.0476
[165,351,372]	[-0.0108  0.0052  0.0130]	-8.0863	0.0000	0.0415
[165,352,372]	[-0.0111  -0.0034  0.0129]	-7.3773	0.0000	0.0497
[165,354,372]	[-0.0109  0.0038  0.0134]	-8.6100	0.0000	0.0462
[165,360,372]	[-0.0109  -0.0008  0.0129]	-7.7166	0.0000	0.0374
[165,364,372]	[-0.0104  0.0041  0.0128]	-8.5717	0.0000	0.0396
[165,366,372]	[-0.0114  0.0087  0.0130]	-8.3178	0.0000	0.0476
[165,367,372]	[-0.0109  -0.0003  0.0130]	-7.7779	0.0000	0.0424
[165,372,373]	[-0.0110  0.0129  -0.0014]	-7.5091	0.0000	0.0495
[165,372,375]	[-0.0106  0.0129  -0.0050]	-7.7458	0.0000	0.0367
[165,372,378]	[-0.0108  0.0131  0.0034]	-8.2348	0.0000	0.0466
[165,372,380]	[-0.0100  0.0135  0.0129]	-10.4697	0.0000	0.0472
[165,372,381]	[-0.0109  0.0130  0.0029]	-8.2776	0.0000	0.0442
[165,372,383]	[-0.0106  0.0130  0.0096]	-8.3992	0.0000	0.0439
[165,372,384]	[-0.0108  0.0131  0.0047]	-8.3328	0.0000	0.0452
[165,372,385]	[-0.0110  0.0128  0.0074]	-8.0328	0.0000	0.0438
[165,372,388]	[-0.0144  0.0230  0.0233]	-20.6292	0.0000	0.0293
[165,372,396]	[-0.0111  0.0130  -0.0087]	-7.6623	0.0000	0.0421
[165,372,402]	[-0.0109  0.0129  -0.0009]	-7.7452	0.0000	0.0358
[165,372,408]	[-0.0109  0.0130  0.0123]	-8.2984	0.0000	0.0477
[165,372,411]	[-0.0109  0.0130  -0.0043]	-7.7470	0.0000	0.0369
[165,372,415]	[-0.0109  0.0130  0.0055]	-8.2117	0.0000	0.0445
[165,372,416]	[-0.0108  0.0130  0.0079]	-8.0861	0.0000	0.0440
[165,372,417]	[-0.0109  0.0130  -0.0059]	-7.6297	0.0000	0.0381
[165,372,423]	[-0.0102  0.0132  0.0057]	-9.6766	0.0000	0.0465
[165,372,424]	[-0.0110  0.0131  -0.0108]	-7.7605	0.0000	0.0454
[165,372,427]	[-0.0111  0.0131  -0.0023]	-7.5765	0.0000	0.0413
[165,372,428]	[-0.0110  0.0129  -0.0116]	-7.2540	0.0000	0.0459
[165,372,430]	[-0.0113  0.0124  0.0046]	-8.3503	0.0000	0.0487
[165,372,439]	[-0.0112  0.0131  0.0085]	-8.2499	0.0000	0.0466
[165,372,445]	[-0.0113  0.0123  0.0104]	-8.4712	0.0000	0.0443
[165,372,447]	[-0.0105  0.0130  0.0055]	-8.4371	0.0000	0.0396
[165,372,456]	[-0.0143  0.0214  0.0174]	-18.2218	0.0000	0.0216
[165,372,458]	[-0.0106  0.0130  -0.0043]	-7.7446	0.0000	0.0437
[165,372,460]	[-0.0111  0.0132  -0.0059]	-7.7410	0.0000	0.0423
[168,372,388]	[0.0155  0.0130  0.0198]	-18.5452	0.0000	0.0370
[168,372,456]	[0.0060  0.0115  0.0139]	-15.8341	0.0000	0.0246
[171,337,372]	[0.0161  -0.0265  0.0173]	-18.7725	0.0000	0.0483
[171,372,388]	[0.0005  0.0129  0.0186]	-17.9269	0.0000	0.0443
[171,372,456]	[0.0006  0.0115  0.0134]	-15.7811	0.0000	0.0422
[172,329,445]	[0.0298  0.0293  0.0157]	-7.2811	0.0000	0.0468
[173,322,372]	[0.0043  0.0103  0.0100]	-13.5098	0.0435	0.0419
[173,356,372]	[0.0134  -0.0316  0.0132]	-9.8347	0.0000	0.0422
[173,372,388]	[0.0196  0.0126  0.0187]	-18.3630	0.0000	0.0369
[174,322,372]	[0.0071  0.0108  0.0099]	-13.8220	0.0435	0.0436
[174,337,372]	[-0.0028  -0.0205  0.0122]	-9.4700	0.0435	0.0474
[174,356,372]	[0.0015  -0.0321  0.0134]	-9.4700	0.0000	0.0478
[174,372,388]	[0.0153  0.0126  0.0200]	-18.7574	0.0000	0.0371
[174,372,456]	[0.0137  0.0112  0.0145]	-16.3690	0.0000	0.0316
[175,322,372]	[-0.0118  0.0105  0.0102]	-13.3576	0.0435	0.0498
[176,372,388]	[0.0164  0.0155  0.0242]	-22.7113	0.0000	0.0351
[176,372,456]	[0.0140  0.0134  0.0169]	-19.1670	0.0000	0.0326
[177,197,329]	[-0.1044  0.0585  0.0600]	0.5940	0.0435	0.0450
[177,236,329]	[-0.0878  -0.0533  0.0626]	4.4520	0.0435	0.0486
[177,256,329]	[-0.1231  0.0922  0.0821]	-1.0447	0.0000	0.0500
[177,311,329]	[-0.1221  -0.0556  0.0615]	5.1333	0.0435	0.0478
[177,329,341]	[-0.1012  0.0687  -0.0847]	5.1906	0.0435	0.0495
[177,329,349]	[-0.1507  0.1050  0.1086]	-4.9973	0.0000	0.0431
[177,329,353]	[-0.0902  0.0586  0.0510]	0.6175	0.0000	0.0487
[177,329,371]	[-0.0938  0.0589  0.0185]	1.6767	0.0435	0.0499
[177,329,394]	[-0.1006  0.0654  -0.0453]	3.3600	0.0435	0.0485
[179,322,372]	[0.0070  0.0103  0.0104]	-14.3474	0.0000	0.0434
[179,337,372]	[0.0074  -0.0201  0.0123]	-10.5346	0.0435	0.0489
[179,372,388]	[0.0056  0.0130  0.0186]	-18.4655	0.0000	0.0325
[179,372,456]	[0.0069  0.0118  0.0135]	-16.4626	0.0000	0.0268
[180,337,372]	[0.0025  -0.0203  0.0120]	-9.5930	0.0435	0.0477
[180,356,372]	[-0.0146  -0.0332  0.0136]	-9.0306	0.0000	0.0493
[180,372,388]	[0.0093  0.0128  0.0188]	-18.0641	0.0000	0.0293
[180,372,456]	[0.0088  0.0115  0.0136]	-15.8421	0.0000	0.0256
[181,372,388]	[0.0164  0.0130  0.0189]	-18.6506	0.0000	0.0341
[181,372,456]	[-0.0083  0.0114  0.0138]	-15.2309	0.0000	0.0235
[182,372,456]	[-0.0018  0.0118  0.0139]	-15.4225	0.0000	0.0395
[183,372,388]	[-0.0133  0.0135  0.0186]	-16.7879	0.0000	0.0328
[183,372,456]	[-0.0208  0.0129  0.0145]	-14.6838	0.0000	0.0381
[184,322,372]	[0.0034  0.0106  0.0101]	-13.5718	0.0435	0.0421
[184,337,372]	[0.0068  -0.0206  0.0120]	-9.6122	0.0435	0.0492
[184,356,372]	[0.0124  -0.0328  0.0134]	-9.6185	0.0000	0.0481
[184,372,388]	[0.0225  0.0128  0.0199]	-18.6461	0.0000	0.0413
[188,372,388]	[0.0134  0.0134  0.0186]	-19.0896	0.0000	0.0334
[188,372,456]	[0.0129  0.0120  0.0135]	-16.8324	0.0000	0.0282
[189,322,372]	[-0.0152  0.0106  0.0104]	-12.8834	0.0000	0.0472
[189,372,388]	[-0.0187  0.0132  0.0191]	-17.1188	0.0000	0.0357
[189,372,456]	[-0.0244  0.0121  0.0143]	-14.8934	0.0000	0.0372
[190,322,372]	[0.0135  0.0119  0.0109]	-15.2745	0.0435	0.0466
[190,337,372]	[0.0070  -0.0199  0.0120]	-9.9492	0.0435	0.0474
[190,356,372]	[0.0172  -0.0369  0.0149]	-10.9268	0.0000	0.0457
[190,372,388]	[0.0308  0.0169  0.0287]	-25.3112	0.0000	0.0336
[190,372,456]	[0.0217  0.0135  0.0179]	-19.5842	0.0000	0.0307
[191,322,372]	[0.0069  0.0100  0.0099]	-13.6286	0.0435	0.0448
[191,337,372]	[0.0163  -0.0200  0.0118]	-10.4036	0.0435	0.0493
[191,372,388]	[0.0280  0.0129  0.0197]	-19.8516	0.0000	0.0445
[191,372,456]	[0.0267  0.0115  0.0143]	-17.4585	0.0000	0.0436
[192,372,456]	[0.0301  0.0124  0.0151]	-17.5617	0.0435	0.0455
[193,322,372]	[0.0055  0.0105  0.0102]	-13.7531	0.0000	0.0406
[193,372,388]	[-0.0043  0.0128  0.0189]	-17.6409	0.0000	0.0268
[193,372,456]	[-0.0115  0.0115  0.0140]	-15.2270	0.0000	0.0265
[196,337,372]	[-0.0074  -0.0197  0.0120]	-9.3912	0.0435	0.0471
[196,356,372]	[0.0070  -0.0330  0.0135]	-9.5526	0.0000	0.0439
[197,329,341]	[0.0857  0.0439  -0.1168]	-0.6026	0.0000	0.0471
[197,372,388]	[0.0301  0.0119  0.0198]	-17.7536	0.0000	0.0492
[197,372,456]	[0.0230  0.0107  0.0141]	-15.4475	0.0000	0.0395
[198,322,372]	[-0.0028  0.0106  0.0103]	-13.3829	0.0435	0.0423
[198,372,388]	[-0.0080  0.0132  0.0192]	-17.5437	0.0000	0.0343
[198,372,456]	[-0.0086  0.0119  0.0141]	-15.3244	0.0000	0.0272
[199,372,388]	[-0.0153  0.0131  0.0184]	-17.2358	0.0000	0.0366
[199,372,456]	[-0.0152  0.0118  0.0133]	-15.0358	0.0000	0.0274
[200,337,372]	[0.0000  -0.0204  0.0120]	-9.5169	0.0435	0.0462
[201,322,372]	[0.0043  0.0112  0.0097]	-14.0574	0.0435	0.0498
[201,372,388]	[0.0070  0.0123  0.0204]	-18.8576	0.0000	0.0376
[201,372,456]	[0.0110  0.0109  0.0167]	-17.7090	0.0000	0.0405
[202,322,372]	[0.0100  0.0126  0.0115]	-16.4052	0.0435	0.0475
[202,372,388]	[0.0225  0.0179  0.0299]	-27.5671	0.0435	0.0386
[202,372,456]	[0.0177  0.0148  0.0198]	-22.1633	0.0435	0.0358
[203,322,372]	[-0.0039  0.0104  0.0102]	-13.3491	0.0000	0.0367
[203,356,372]	[-0.0182  -0.0326  0.0140]	-9.1239	0.0000	0.0456
[203,372,388]	[-0.0030  0.0129  0.0188]	-17.6880	0.0000	0.0261
[203,372,456]	[-0.0012  0.0115  0.0136]	-15.5479	0.0000	0.0213
[204,322,372]	[0.0086  0.0102  0.0097]	-14.1489	0.0435	0.0492
[204,372,388]	[0.0166  0.0134  0.0222]	-21.2420	0.0000	0.0419
[204,372,456]	[0.0133  0.0115  0.0150]	-17.7125	0.0000	0.0375
[205,322,372]	[0.0076  0.0110  0.0102]	-13.8537	0.0000	0.0404
[205,337,372]	[0.0013  -0.0203  0.0120]	-9.5203	0.0435	0.0471
[205,372,388]	[0.0067  0.0129  0.0191]	-18.0065	0.0000	0.0319
[205,372,456]	[0.0059  0.0115  0.0138]	-15.7320	0.0000	0.0258
[206,372,388]	[-0.0017  0.0127  0.0187]	-17.4401	0.0000	0.0431
[206,372,456]	[-0.0021  0.0113  0.0135]	-15.1705	0.0000	0.0364
[207,372,456]	[-0.0308  0.0128  0.0138]	-16.4419	0.0000	0.0490
[208,372,388]	[-0.0122  0.0129  0.0192]	-17.7096	0.0000	0.0305
[208,372,456]	[-0.0094  0.0115  0.0139]	-15.5010	0.0000	0.0229
[209,372,456]	[-0.0316  0.0194  0.0186]	-18.7753	0.0000	0.0467
[210,337,372]	[-0.0032  -0.0201  0.0121]	-9.4989	0.0435	0.0459
[210,372,388]	[-0.0187  0.0133  0.0181]	-17.4329	0.0000	0.0379
[211,372,456]	[0.0322  0.0125  0.0157]	-18.9088	0.0000	0.0388
[214,322,372]	[0.0096  0.0112  0.0108]	-14.7696	0.0435	0.0475
[214,337,372]	[0.0061  -0.0200  0.0122]	-10.0246	0.0435	0.0486
[214,356,372]	[0.0114  -0.0342  0.0144]	-10.5889	0.0000	0.0490
[214,372,388]	[0.0218  0.0160  0.0255]	-23.3880	0.0435	0.0371
[214,372,456]	[0.0171  0.0134  0.0170]	-19.1210	0.0435	0.0329
[216,356,372]	[-0.0009  -0.0319  0.0134]	-9.4323	0.0000	0.0481
[217,337,372]	[-0.0006  -0.0205  0.0121]	-9.5291	0.0435	0.0493
[217,372,388]	[0.0056  0.0125  0.0188]	-17.7584	0.0000	0.0370
[217,372,456]	[0.0075  0.0111  0.0139]	-15.6621	0.0000	0.0311
[218,372,456]	[0.0004  0.0114  0.0136]	-15.6216	0.0000	0.0437
[219,356,372]	[-0.0125  -0.0327  0.0135]	-8.6649	0.0000	0.0474
[220,337,372]	[-0.0101  -0.0204  0.0122]	-9.1568	0.0435	0.0499
[221,356,372]	[0.0050  -0.0321  0.0135]	-9.9044	0.0000	0.0467
[221,372,388]	[0.0073  0.0130  0.0188]	-18.4702	0.0000	0.0297
[221,372,456]	[0.0127  0.0118  0.0138]	-16.8327	0.0000	0.0282
[222,322,372]	[-0.0031  0.0101  0.0098]	-12.7118	0.0000	0.0425
[222,372,388]	[-0.0005  0.0128  0.0188]	-17.6624	0.0000	0.0294
[222,372,456]	[0.0001  0.0115  0.0137]	-15.6189	0.0000	0.0246
[223,372,456]	[0.0045  0.0131  0.0169]	-18.8767	0.0000	0.0449
[224,322,372]	[-0.0032  0.0105  0.0101]	-13.2942	0.0000	0.0384
[224,372,388]	[0.0077  0.0130  0.0192]	-18.4492	0.0000	0.0301
[224,372,456]	[0.0005  0.0115  0.0137]	-15.6333	0.0000	0.0219
[225,322,372]	[-0.0122  0.0105  0.0102]	-13.3502	0.0000	0.0452
[225,372,456]	[0.0254  0.0116  0.0144]	-16.2790	0.0000	0.0464
[226,372,388]	[0.0329  0.0140  0.0208]	-20.3201	0.0435	0.0499
[226,372,456]	[0.0260  0.0121  0.0143]	-17.1100	0.0435	0.0402
[227,372,388]	[-0.0042  0.0131  0.0187]	-17.9253	0.0000	0.0275
[227,372,456]	[-0.0168  0.0127  0.0135]	-16.3444	0.0000	0.0316
[228,356,372]	[0.0126  -0.0330  0.0134]	-9.9774	0.0000	0.0458
[228,372,456]	[-0.0140  0.0119  0.0143]	-15.3971	0.0000	0.0335
[229,372,388]	[0.0107  0.0139  0.0193]	-20.2919	0.0000	0.0361
[229,372,456]	[0.0113  0.0126  0.0142]	-18.2850	0.0000	0.0254
[230,322,372]	[0.0098  0.0110  0.0103]	-14.4156	0.0000	0.0451
[230,337,372]	[0.0039  -0.0202  0.0120]	-9.7476	0.0435	0.0488
[230,372,388]	[-0.0099  0.0134  0.0205]	-18.0895	0.0000	0.0317
[230,372,456]	[-0.0069  0.0118  0.0146]	-15.6721	0.0000	0.0222
[231,356,372]	[0.0026  -0.0322  0.0134]	-9.5538	0.0000	0.0478
[232,337,372]	[0.0061  -0.0201  0.0120]	-9.7352	0.0435	0.0484
[232,356,372]	[0.0045  -0.0318  0.0134]	-9.6044	0.0000	0.0432
[232,372,388]	[0.0072  0.0128  0.0186]	-17.9746	0.0000	0.0289
[232,372,456]	[0.0180  0.0116  0.0137]	-16.3651	0.0000	0.0368
[233,372,388]	[-0.0164  0.0159  0.0209]	-18.1062	0.0000	0.0490
[233,372,456]	[-0.0130  0.0136  0.0145]	-15.3899	0.0000	0.0450
[234,337,372]	[-0.0091  -0.0199  0.0121]	-9.1850	0.0435	0.0479
[235,322,372]	[-0.0021  0.0105  0.0103]	-13.4732	0.0435	0.0468
[235,372,388]	[-0.0211  0.0150  0.0210]	-18.7912	0.0000	0.0450
[235,372,456]	[-0.0196  0.0134  0.0153]	-16.3878	0.0000	0.0389
[236,337,372]	[-0.0127  -0.0196  0.0117]	-8.6619	0.0435	0.0478
[236,356,372]	[-0.0037  -0.0318  0.0133]	-9.1913	0.0000	0.0445
[238,337,372]	[-0.0135  -0.0190  0.0119]	-9.1617	0.0435	0.0489
[238,356,372]	[-0.0176  -0.0303  0.0134]	-9.0342	0.0000	0.0462
[239,356,372]	[0.0105  -0.0323  0.0133]	-9.4157	0.0000	0.0428
[239,372,388]	[-0.0202  0.0132  0.0190]	-17.9260	0.0000	0.0365
[240,372,388]	[-0.0182  0.0132  0.0188]	-17.0971	0.0000	0.0387
[240,372,456]	[-0.0067  0.0115  0.0135]	-15.2201	0.0000	0.0253
[242,322,372]	[-0.0009  0.0105  0.0101]	-13.4806	0.0000	0.0403
[242,337,372]	[-0.0008  -0.0204  0.0120]	-9.4956	0.0435	0.0474
[242,356,372]	[0.0071  -0.0327  0.0134]	-9.6475	0.0000	0.0494
[242,372,388]	[0.0254  0.0133  0.0217]	-19.9665	0.0435	0.0474
[242,372,456]	[0.0139  0.0115  0.0146]	-16.4539	0.0435	0.0330
[243,322,372]	[-0.0039  0.0103  0.0101]	-13.3191	0.0000	0.0386
[243,372,388]	[0.0035  0.0128  0.0190]	-17.9652	0.0000	0.0269
[243,372,456]	[0.0121  0.0116  0.0142]	-16.1977	0.0000	0.0265
[244,372,388]	[0.0074  0.0128  0.0187]	-18.0167	0.0000	0.0272
[244,372,456]	[0.0091  0.0115  0.0136]	-15.8742	0.0000	0.0240
[245,372,456]	[0.0147  0.0111  0.0132]	-15.5945	0.0000	0.0283
[247,322,372]	[0.0074  0.0105  0.0103]	-13.8613	0.0000	0.0386
[247,372,388]	[0.0218  0.0134  0.0194]	-19.1977	0.0000	0.0410
[247,372,456]	[0.0260  0.0122  0.0144]	-17.3434	0.0000	0.0441
[248,322,372]	[0.0052  0.0106  0.0103]	-13.9454	0.0435	0.0472
[248,372,456]	[0.0248  0.0129  0.0160]	-18.8687	0.0000	0.0469
[251,322,372]	[-0.0306  0.0121  0.0134]	-13.6172	0.0000	0.0449
[251,329,445]	[-0.0152  0.0279  0.0146]	-1.4327	0.0000	0.0490
[251,337,372]	[-0.0262  -0.0190  0.0140]	-8.6790	0.0435	0.0471
[251,356,372]	[-0.0237  -0.0284  0.0147]	-8.5711	0.0000	0.0393
[251,372,388]	[-0.0292  0.0156  0.0195]	-17.3602	0.0000	0.0259
[251,372,456]	[-0.0321  0.0150  0.0156]	-15.8779	0.0000	0.0239
[252,372,388]	[0.0255  0.0135  0.0203]	-19.5752	0.0000	0.0491
[252,372,456]	[0.0138  0.0118  0.0142]	-16.4619	0.0000	0.0320
[253,356,372]	[0.0140  -0.0315  0.0135]	-10.0890	0.0000	0.0449
[255,347,372]	[0.0676  -0.0315  0.0169]	-20.7040	0.0000	0.0450
[255,356,372]	[0.0599  -0.0348  0.0203]	-20.0917	0.0000	0.0466
[255,372,388]	[0.0365  0.0142  0.0118]	-20.2993	0.0000	0.0402
[256,337,372]	[-0.0107  -0.0207  0.0123]	-9.3901	0.0435	0.0490
[258,337,372]	[-0.0031  -0.0205  0.0120]	-9.4153	0.0435	0.0465
[258,356,372]	[0.0048  -0.0320  0.0134]	-9.6043	0.0000	0.0419
[258,372,388]	[0.0166  0.0130  0.0188]	-18.3857	0.0000	0.0343
[258,372,456]	[0.0211  0.0117  0.0138]	-16.3907	0.0000	0.0378
[261,322,372]	[-0.0005  0.0105  0.0101]	-13.4721	0.0000	0.0417
[261,337,372]	[0.0022  -0.0205  0.0120]	-9.6483	0.0435	0.0497
[261,372,388]	[0.0201  0.0130  0.0223]	-20.7806	0.0000	0.0380
[261,372,456]	[0.0177  0.0115  0.0161]	-18.0080	0.0000	0.0346
[262,372,388]	[-0.0294  0.0131  0.0193]	-16.6201	0.0000	0.0490
[262,372,456]	[-0.0239  0.0116  0.0137]	-14.4695	0.0000	0.0433
[264,337,372]	[-0.0174  -0.0167  0.0131]	-5.5487	0.0435	0.0483
[264,347,372]	[-0.0159  -0.0160  0.0100]	-4.8815	0.0000	0.0463
[264,356,372]	[-0.0209  -0.0306  0.0155]	-5.0162	0.0000	0.0486
[264,372,388]	[-0.0354  0.0194  0.0260]	-14.3907	0.0000	0.0312
[264,372,456]	[-0.0299  0.0162  0.0170]	-11.4113	0.0000	0.0358
[265,337,372]	[0.0005  -0.0204  0.0120]	-9.5524	0.0435	0.0499
[265,372,388]	[0.0095  0.0131  0.0202]	-19.1898	0.0000	0.0350
[265,372,456]	[0.0058  0.0115  0.0142]	-16.2728	0.0000	0.0280
[266,372,456]	[0.0389  0.0143  0.0186]	-20.5246	0.0000	0.0455
[267,372,388]	[0.0031  0.0128  0.0186]	-18.2154	0.0000	0.0339
[267,372,456]	[0.0081  0.0116  0.0135]	-16.9962	0.0000	0.0302
[268,322,372]	[-0.0077  0.0107  0.0111]	-13.3034	0.0000	0.0481
[268,372,388]	[-0.0013  0.0129  0.0187]	-17.6771	0.0000	0.0368
[268,372,456]	[-0.0062  0.0122  0.0136]	-15.3203	0.0000	0.0335
[269,372,388]	[-0.0019  0.0128  0.0189]	-17.8083	0.0000	0.0264
[269,372,456]	[-0.0145  0.0117  0.0143]	-15.7310	0.0000	0.0295
[270,322,372]	[-0.0096  0.0104  0.0102]	-13.1912	0.0435	0.0487
[270,372,388]	[-0.0050  0.0128  0.0188]	-17.6120	0.0000	0.0272
[270,372,456]	[-0.0007  0.0115  0.0137]	-15.5640	0.0000	0.0211
[271,322,372]	[-0.0118  0.0103  0.0108]	-13.4211	0.0000	0.0446
[271,337,372]	[-0.0134  -0.0204  0.0129]	-9.5788	0.0435	0.0494
[271,356,372]	[-0.0044  -0.0314  0.0135]	-9.4140	0.0000	0.0495
[271,372,388]	[-0.0059  0.0130  0.0184]	-17.5730	0.0000	0.0337
[271,372,456]	[-0.0109  0.0121  0.0134]	-15.4929	0.0000	0.0318
[272,372,388]	[0.0009  0.0128  0.0188]	-17.8142	0.0000	0.0271
[272,372,456]	[-0.0046  0.0117  0.0139]	-15.5615	0.0000	0.0251
[273,372,388]	[-0.0077  0.0129  0.0187]	-17.7363	0.0000	0.0275
[273,372,456]	[-0.0195  0.0118  0.0135]	-15.5230	0.0000	0.0332
[275,372,388]	[-0.0202  0.0130  0.0188]	-16.9336	0.0000	0.0429
[275,372,456]	[-0.0183  0.0115  0.0134]	-14.6926	0.0000	0.0420
[276,322,372]	[0.0059  0.0119  0.0108]	-14.8289	0.0435	0.0476
[276,372,388]	[0.0105  0.0148  0.0239]	-21.4845	0.0000	0.0384
[276,372,456]	[0.0087  0.0128  0.0165]	-18.0729	0.0435	0.0324
[277,372,388]	[-0.0082  0.0132  0.0185]	-17.5682	0.0000	0.0327
[277,372,456]	[-0.0144  0.0124  0.0142]	-15.8311	0.0000	0.0345
[278,322,372]	[-0.0070  0.0105  0.0101]	-13.0777	0.0435	0.0464
[278,372,388]	[-0.0102  0.0128  0.0189]	-17.2665	0.0000	0.0299
[278,372,456]	[0.0014  0.0115  0.0137]	-15.7065	0.0000	0.0250
[279,322,372]	[-0.0046  0.0105  0.0102]	-13.4548	0.0000	0.0395
[279,356,372]	[-0.0082  -0.0323  0.0136]	-9.3324	0.0000	0.0433
[279,372,388]	[0.0128  0.0127  0.0191]	-18.1295	0.0000	0.0313
[279,372,456]	[0.0140  0.0114  0.0140]	-15.9614	0.0000	0.0276
[281,322,372]	[-0.0118  0.0108  0.0102]	-13.1484	0.0000	0.0435
[281,337,372]	[-0.0108  -0.0207  0.0121]	-9.0533	0.0435	0.0492
[281,372,388]	[0.0002  0.0128  0.0189]	-17.8107	0.0000	0.0267
[281,372,456]	[0.0014  0.0115  0.0137]	-15.6640	0.0000	0.0218
[284,372,388]	[-0.0276  0.0136  0.0179]	-17.6779	0.0000	0.0477
[284,372,456]	[-0.0266  0.0122  0.0128]	-15.4521	0.0000	0.0429
[287,337,372]	[0.0105  -0.0189  0.0121]	-10.6590	0.0435	0.0487
[287,356,372]	[0.0075  -0.0307  0.0134]	-10.2714	0.0000	0.0469
[287,372,388]	[0.0124  0.0130  0.0178]	-18.7565	0.0000	0.0313
[287,372,456]	[0.0140  0.0117  0.0127]	-16.7597	0.0000	0.0255
[288,337,372]	[0.0054  -0.0200  0.0119]	-9.5231	0.0435	0.0474
[288,356,372]	[0.0080  -0.0316  0.0132]	-9.4694	0.0000	0.0469
[288,372,456]	[0.0222  0.0113  0.0138]	-15.8219	0.0000	0.0384
[289,337,372]	[-0.0108  -0.0203  0.0124]	-9.6031	0.0435	0.0494
[289,356,372]	[-0.0122  -0.0320  0.0138]	-9.5405	0.0000	0.0467
[289,372,388]	[-0.0189  0.0135  0.0189]	-17.9679	0.0000	0.0358
[289,372,456]	[-0.0189  0.0121  0.0137]	-15.7629	0.0000	0.0315
[291,322,372]	[0.0050  0.0104  0.0102]	-13.6487	0.0435	0.0395
[291,372,388]	[-0.0121  0.0128  0.0191]	-17.5002	0.0000	0.0308
[291,372,456]	[0.0058  0.0115  0.0136]	-15.7732	0.0000	0.0225
[293,372,388]	[0.0027  0.0128  0.0189]	-17.8235	0.0000	0.0262
[293,372,456]	[-0.0094  0.0115  0.0137]	-15.5425	0.0000	0.0225
[294,356,372]	[-0.0035  -0.0324  0.0135]	-9.3357	0.0000	0.0459
[294,372,388]	[0.0164  0.0129  0.0188]	-18.3264	0.0000	0.0363
[294,372,456]	[0.0129  0.0115  0.0136]	-15.9697	0.0000	0.0268
[295,322,372]	[-0.0149  0.0104  0.0105]	-13.5610	0.0000	0.0486
[295,372,388]	[0.0156  0.0127  0.0197]	-18.1438	0.0000	0.0358
[295,372,456]	[0.0162  0.0113  0.0144]	-15.9391	0.0000	0.0368
[298,337,372]	[-0.0061  -0.0207  0.0120]	-9.2694	0.0435	0.0471
[298,356,372]	[0.0135  -0.0318  0.0135]	-10.0360	0.0000	0.0468
[299,337,372]	[-0.0011  -0.0203  0.0120]	-9.5108	0.0435	0.0459
[300,322,372]	[-0.0044  0.0103  0.0100]	-13.1036	0.0000	0.0424
[300,372,388]	[0.0003  0.0128  0.0189]	-17.8352	0.0000	0.0300
[300,372,456]	[0.0004  0.0115  0.0137]	-15.6327	0.0000	0.0252
[301,322,372]	[-0.0102  0.0101  0.0102]	-12.9839	0.0000	0.0464
[301,372,388]	[-0.0066  0.0129  0.0186]	-17.4698	0.0000	0.0299
[301,372,456]	[-0.0028  0.0115  0.0136]	-15.4457	0.0000	0.0224
[302,356,372]	[0.0146  -0.0307  0.0138]	-10.7892	0.0000	0.0431
[302,372,388]	[0.0302  0.0140  0.0183]	-20.4434	0.0000	0.0492
[304,372,456]	[0.0043  0.0129  0.0167]	-18.3660	0.0000	0.0422
[305,372,388]	[0.0161  0.0133  0.0186]	-19.5622	0.0435	0.0384
[305,372,456]	[0.0110  0.0116  0.0130]	-16.5254	0.0000	0.0316
[306,337,372]	[-0.0138  -0.0210  0.0125]	-9.2625	0.0435	0.0488
[306,356,372]	[-0.0166  -0.0333  0.0141]	-9.1269	0.0000	0.0489
[306,372,388]	[0.0063  0.0127  0.0190]	-18.0501	0.0000	0.0311
[306,372,456]	[0.0087  0.0113  0.0140]	-15.9625	0.0000	0.0276
[307,322,372]	[0.0155  0.0155  0.0111]	-18.4965	0.0000	0.0422
[307,372,388]	[0.0100  0.0127  0.0200]	-19.7706	0.0000	0.0364
[307,372,456]	[0.0089  0.0112  0.0142]	-17.1082	0.0435	0.0293
[308,322,372]	[0.0106  0.0122  0.0109]	-15.1664	0.0435	0.0472
[308,337,372]	[0.0022  -0.0200  0.0119]	-9.6179	0.0435	0.0490
[308,372,388]	[0.0222  0.0159  0.0270]	-23.7006	0.0435	0.0392
[308,372,456]	[0.0185  0.0136  0.0186]	-19.7187	0.0435	0.0329
[309,372,456]	[-0.0068  0.0164  0.0152]	-17.8755	0.0000	0.0395
[310,337,372]	[-0.0004  -0.0203  0.0120]	-9.5182	0.0435	0.0464
[310,356,372]	[0.0091  -0.0336  0.0133]	-9.3973	0.0000	0.0488
[311,372,388]	[-0.0199  0.0131  0.0186]	-17.5113	0.0000	0.0376
[312,337,372]	[0.0000  -0.0204  0.0120]	-9.5186	0.0435	0.0470
[312,372,388]	[0.0135  0.0129  0.0188]	-18.3374	0.0000	0.0351
[313,356,372]	[-0.0097  -0.0316  0.0135]	-8.9251	0.0000	0.0471
[314,337,372]	[-0.0113  -0.0204  0.0121]	-9.4231	0.0435	0.0494
[314,356,372]	[-0.0008  -0.0321  0.0134]	-9.4314	0.0000	0.0406
[314,372,388]	[0.0134  0.0128  0.0191]	-18.0502	0.0000	0.0335
[314,372,456]	[-0.0132  0.0116  0.0137]	-15.4905	0.0000	0.0264
[315,372,388]	[-0.0059  0.0129  0.0191]	-17.6029	0.0000	0.0285
[315,372,456]	[0.0020  0.0115  0.0136]	-15.6791	0.0000	0.0241
[316,322,372]	[0.0054  0.0110  0.0103]	-14.1029	0.0000	0.0420
[316,372,388]	[0.0033  0.0128  0.0189]	-18.0057	0.0000	0.0337
[316,372,456]	[0.0033  0.0115  0.0137]	-15.7988	0.0000	0.0271
[317,337,372]	[-0.0087  -0.0185  0.0122]	-8.7508	0.0435	0.0494
[317,356,372]	[-0.0103  -0.0298  0.0137]	-8.6124	0.0000	0.0425
[317,372,388]	[-0.0283  0.0158  0.0209]	-17.0523	0.0000	0.0416
[317,372,456]	[-0.0287  0.0144  0.0156]	-14.8192	0.0000	0.0389
[318,372,456]	[-0.0196  0.0140  0.0169]	-14.1476	0.0000	0.0463
[321,322,372]	[-0.0175  0.0132  0.0132]	-8.9372	0.0000	0.0484
[321,372,388]	[-0.0156  0.0151  0.0201]	-13.0185	0.0000	0.0349
[321,372,456]	[-0.0147  0.0135  0.0143]	-10.8176	0.0000	0.0330
[322,327,372]	[0.0109  0.0100  0.0103]	-14.6892	0.0000	0.0486
[322,332,372]	[0.0105  -0.0013  0.0102]	-13.4490	0.0000	0.0447
[322,333,372]	[0.0105  -0.0129  0.0114]	-13.8294	0.0000	0.0471
[322,337,372]	[0.0162  -0.0280  0.0199]	-19.5992	0.0000	0.0332
[322,338,372]	[0.0105  -0.0017  0.0101]	-13.4160	0.0435	0.0385
[322,340,372]	[0.0105  -0.0148  0.0107]	-13.0138	0.0435	0.0469
[322,344,372]	[0.0107  0.0087  0.0102]	-13.8501	0.0435	0.0427
[322,345,372]	[0.0105  0.0016  0.0101]	-13.5670	0.0435	0.0377
[322,347,372]	[0.0126  -0.0272  0.0138]	-15.9290	0.0000	0.0395
[322,348,372]	[0.0105  0.0003  0.0101]	-13.5192	0.0435	0.0376
[322,349,372]	[0.0108  -0.0033  0.0103]	-13.5050	0.0000	0.0394
[322,352,372]	[0.0106  0.0031  0.0103]	-13.9217	0.0000	0.0446
[322,354,372]	[0.0134  0.0069  0.0119]	-16.6831	0.0435	0.0459
[322,356,372]	[0.0127  -0.0355  0.0187]	-16.9238	0.0000	0.0460
[322,361,372]	[0.0106  0.0111  0.0100]	-13.5965	0.0000	0.0429
[322,364,372]	[0.0096  0.0049  0.0101]	-13.9316	0.0000	0.0439
[322,366,372]	[0.0106  0.0056  0.0100]	-13.9144	0.0000	0.0364
[322,367,372]	[0.0105  -0.0007  0.0102]	-13.5163	0.0000	0.0457
[322,372,374]	[0.0105  0.0100  0.0039]	-13.5290	0.0435	0.0415
[322,372,378]	[0.0122  0.0112  0.0065]	-15.3970	0.0435	0.0486
[322,372,380]	[0.0094  0.0102  0.0057]	-14.0845	0.0435	0.0436
[322,372,381]	[0.0105  0.0102  0.0041]	-14.2202	0.0435	0.0471
[322,372,384]	[0.0131  0.0115  0.0100]	-16.2140	0.0000	0.0424
[322,372,388]	[0.0081  0.0151  0.0172]	-21.5169	0.0000	0.0322
[322,372,390]	[0.0127  0.0120  0.0166]	-16.9485	0.0000	0.0447
[322,372,395]	[0.0102  0.0098  -0.0076]	-12.5715	0.0000	0.0474
[322,372,401]	[0.0124  0.0099  -0.0077]	-12.9661	0.0000	0.0460
[322,372,402]	[0.0098  0.0102  -0.0122]	-12.7453	0.0435	0.0477
[322,372,404]	[0.0106  0.0100  0.0046]	-13.5278	0.0435	0.0416
[322,372,407]	[0.0107  0.0101  0.0029]	-13.6504	0.0435	0.0429
[322,372,408]	[0.0105  0.0101  0.0018]	-13.5657	0.0435	0.0383
[322,372,410]	[0.0105  0.0102  0.0034]	-13.7610	0.0000	0.0389
[322,372,415]	[0.0117  0.0107  0.0088]	-14.8826	0.0435	0.0496
[322,372,417]	[0.0106  0.0103  -0.0122]	-13.2663	0.0000	0.0473
[322,372,418]	[0.0108  0.0101  -0.0088]	-13.1607	0.0000	0.0467
[322,372,419]	[0.0105  0.0101  0.0010]	-13.5141	0.0000	0.0381
[322,372,425]	[0.0104  0.0103  -0.0069]	-13.4210	0.0000	0.0448
[322,372,430]	[0.0119  0.0096  0.0061]	-15.0866	0.0000	0.0489
[322,372,439]	[0.0107  0.0102  -0.0025]	-13.5051	0.0000	0.0443
[322,372,443]	[0.0101  0.0102  0.0061]	-13.9843	0.0435	0.0417
[322,372,445]	[0.0095  0.0094  0.0039]	-13.1751	0.0435	0.0458
[322,372,449]	[0.0121  0.0102  0.0051]	-15.1285	0.0000	0.0490
[322,372,456]	[0.0069  0.0132  0.0117]	-18.3706	0.0000	0.0263
[322,372,458]	[0.0101  0.0105  -0.0074]	-13.2657	0.0435	0.0414
[322,372,460]	[0.0105  0.0099  0.0078]	-13.5524	0.0000	0.0430
[322,372,464]	[0.0100  0.0104  0.0082]	-14.8681	0.0435	0.0452
[323,356,372]	[-0.0077  -0.0318  0.0134]	-9.2717	0.0000	0.0405
[324,372,388]	[0.0232  0.0146  0.0266]	-23.2350	0.0000	0.0361
[324,372,456]	[0.0220  0.0128  0.0196]	-20.2518	0.0000	0.0342
[325,337,372]	[-0.0076  -0.0206  0.0121]	-9.3578	0.0435	0.0471
[326,372,388]	[-0.0243  0.0129  0.0182]	-17.0883	0.0000	0.0395
[327,372,388]	[-0.0108  0.0129  0.0193]	-17.0046	0.0000	0.0326
[327,372,456]	[-0.0023  0.0115  0.0137]	-15.3839	0.0000	0.0234
[328,372,388]	[0.0046  0.0124  0.0193]	-18.3400	0.0000	0.0405
[328,372,456]	[0.0061  0.0109  0.0145]	-16.4114	0.0000	0.0371
[329,341,366]	[0.0530  -0.1005  0.0219]	-0.8688	0.0000	0.0475
[329,372,388]	[0.0176  0.0120  0.0181]	-17.7816	0.0000	0.0320
[329,372,456]	[0.0209  0.0106  0.0134]	-15.8644	0.0000	0.0361
[332,356,372]	[-0.0045  -0.0322  0.0136]	-9.2818	0.0000	0.0463
[332,372,388]	[-0.0122  0.0136  0.0196]	-17.7466	0.0000	0.0380
[332,372,456]	[-0.0057  0.0118  0.0138]	-15.4422	0.0000	0.0290
[333,337,372]	[-0.0090  -0.0198  0.0127]	-9.6861	0.0435	0.0491
[333,372,388]	[-0.0123  0.0140  0.0188]	-18.0668	0.0000	0.0352
[333,372,456]	[-0.0118  0.0126  0.0136]	-15.8176	0.0000	0.0280
[334,356,372]	[-0.0071  -0.0315  0.0134]	-9.4345	0.0000	0.0424
[335,372,388]	[-0.0024  0.0127  0.0187]	-17.3951	0.0000	0.0451
[335,372,456]	[-0.0021  0.0114  0.0135]	-15.2086	0.0000	0.0393
[336,356,372]	[-0.0006  -0.0321  0.0134]	-9.4390	0.0000	0.0411
[337,338,372]	[-0.0204  0.0011  0.0120]	-9.5733	0.0435	0.0474
[337,345,372]	[-0.0204  0.0019  0.0120]	-9.5660	0.0435	0.0472
[337,347,372]	[-0.0181  -0.0200  0.0136]	-10.1747	0.0435	0.0443
[337,348,372]	[-0.0201  0.0085  0.0122]	-10.0877	0.0435	0.0479
[337,356,372]	[-0.0089  -0.0240  0.0141]	-9.8358	0.0000	0.0435
[337,360,372]	[-0.0211  -0.0113  0.0123]	-8.8363	0.0435	0.0480
[337,364,372]	[-0.0200  0.0120  0.0126]	-11.8693	0.0435	0.0375
[337,372,374]	[-0.0204  0.0121  -0.0014]	-9.5151	0.0435	0.0490
[337,372,388]	[-0.0321  0.0247  0.0275]	-25.7830	0.0000	0.0286
[337,372,390]	[-0.0198  0.0123  0.0062]	-10.2829	0.0435	0.0500
[337,372,392]	[-0.0202  0.0119  0.0036]	-9.5584	0.0435	0.0470
[337,372,394]	[-0.0201  0.0120  -0.0117]	-9.2235	0.0435	0.0491
[337,372,397]	[-0.0192  0.0121  0.0063]	-10.5329	0.0435	0.0500
[337,372,407]	[-0.0204  0.0120  0.0008]	-9.5338	0.0435	0.0474
[337,372,409]	[-0.0204  0.0120  0.0019]	-9.5537	0.0435	0.0465
[337,372,411]	[-0.0206  0.0119  0.0091]	-9.5934	0.0435	0.0500
[337,372,416]	[-0.0201  0.0121  0.0068]	-9.7649	0.0435	0.0483
[337,372,417]	[-0.0206  0.0123  -0.0138]	-9.2061	0.0435	0.0498
[337,372,428]	[-0.0206  0.0120  -0.0123]	-8.9862	0.0435	0.0485
[337,372,439]	[-0.0207  0.0121  0.0075]	-9.9631	0.0435	0.0492
[337,372,445]	[-0.0193  0.0112  0.0061]	-9.8131	0.0435	0.0438
[337,372,451]	[-0.0197  0.0128  -0.0162]	-8.9714	0.0435	0.0483
[337,372,456]	[-0.0317  0.0229  0.0208]	-23.0078	0.0000	0.0194
[337,372,457]	[-0.0199  0.0121  -0.0062]	-9.5768	0.0435	0.0466
[337,372,460]	[-0.0203  0.0119  0.0047]	-9.5397	0.0435	0.0476
[337,372,461]	[-0.0204  0.0121  -0.0046]	-9.4607	0.0435	0.0467
[338,372,456]	[-0.0155  0.0114  0.0140]	-14.9796	0.0435	0.0329
[339,372,388]	[-0.0106  0.0129  0.0188]	-17.6767	0.0000	0.0300
[340,372,388]	[-0.0244  0.0140  0.0198]	-17.4699	0.0000	0.0470
[345,372,388]	[0.0143  0.0130  0.0193]	-18.3922	0.0000	0.0294
[345,372,456]	[-0.0010  0.0115  0.0137]	-15.5633	0.0000	0.0208
[347,356,372]	[-0.0142  -0.0264  0.0137]	-9.7190	0.0000	0.0419
[347,372,388]	[-0.0329  0.0181  0.0238]	-21.9799	0.0000	0.0258
[347,372,393]	[-0.0232  0.0093  0.0110]	-9.5831	0.0000	0.0497
[347,372,445]	[-0.0226  0.0082  0.0079]	-8.9931	0.0000	0.0468
[347,372,456]	[-0.0369  0.0177  0.0198]	-20.8691	0.0000	0.0213
[348,356,372]	[-0.0066  -0.0327  0.0134]	-9.0095	0.0000	0.0438
[348,372,388]	[0.0029  0.0129  0.0188]	-17.9532	0.0000	0.0270
[348,372,456]	[0.0048  0.0115  0.0136]	-15.8593	0.0000	0.0233
[349,372,388]	[0.0186  0.0125  0.0189]	-18.6600	0.0000	0.0342
[349,372,456]	[0.0206  0.0112  0.0139]	-16.6091	0.0000	0.0341
[350,372,388]	[0.0195  0.0130  0.0188]	-18.7771	0.0000	0.0400
[350,372,456]	[0.0210  0.0117  0.0137]	-16.6960	0.0435	0.0382
[351,372,388]	[0.0256  0.0134  0.0193]	-19.5955	0.0000	0.0446
[352,372,388]	[-0.0127  0.0132  0.0212]	-17.6193	0.0000	0.0387
[352,372,456]	[-0.0134  0.0118  0.0160]	-15.3748	0.0000	0.0328
[353,372,388]	[0.0285  0.0124  0.0176]	-17.8478	0.0000	0.0445
[353,372,456]	[0.0148  0.0112  0.0128]	-15.4815	0.0000	0.0251
[354,372,388]	[0.0086  0.0153  0.0234]	-22.1988	0.0000	0.0392
[354,372,456]	[0.0072  0.0132  0.0162]	-18.6721	0.0000	0.0299
[355,372,388]	[0.0159  0.0130  0.0193]	-18.7871	0.0000	0.0334
[355,372,456]	[0.0250  0.0119  0.0146]	-17.3102	0.0000	0.0402
[356,358,372]	[-0.0318  -0.0038  0.0135]	-9.3877	0.0000	0.0458
[356,360,372]	[-0.0323  -0.0058  0.0135]	-9.0657	0.0000	0.0478
[356,364,372]	[-0.0312  0.0104  0.0138]	-11.4558	0.0000	0.0457
[356,372,375]	[-0.0305  0.0137  -0.0158]	-9.2885	0.0000	0.0479
[356,372,388]	[-0.0339  0.0206  0.0198]	-20.4171	0.0000	0.0345
[356,372,391]	[-0.0328  0.0132  0.0099]	-9.4961	0.0000	0.0469
[356,372,392]	[-0.0319  0.0133  0.0043]	-9.4942	0.0000	0.0438
[356,372,393]	[-0.0324  0.0134  -0.0029]	-9.1723	0.0000	0.0444
[356,372,408]	[-0.0320  0.0135  0.0056]	-9.6722	0.0000	0.0429
[356,372,409]	[-0.0323  0.0135  -0.0184]	-9.1196	0.0000	0.0472
[356,372,417]	[-0.0321  0.0135  -0.0087]	-9.2264	0.0000	0.0441
[356,372,419]	[-0.0327  0.0136  -0.0084]	-9.2954	0.0000	0.0472
[356,372,420]	[-0.0322  0.0134  -0.0010]	-9.4416	0.0000	0.0419
[356,372,426]	[-0.0325  0.0134  -0.0041]	-9.2472	0.0000	0.0442
[356,372,434]	[-0.0323  0.0134  0.0023]	-9.4495	0.0000	0.0412
[356,372,437]	[-0.0313  0.0135  -0.0046]	-9.3912	0.0000	0.0419
[356,372,447]	[-0.0309  0.0142  0.0218]	-12.0337	0.0000	0.0464
[356,372,456]	[-0.0359  0.0200  0.0156]	-18.9190	0.0000	0.0316
[356,372,457]	[-0.0317  0.0135  -0.0038]	-9.4841	0.0000	0.0408
[356,372,460]	[-0.0322  0.0132  0.0101]	-9.5035	0.0000	0.0487
[356,372,463]	[-0.0326  0.0135  0.0050]	-9.6855	0.0000	0.0490
[356,372,464]	[-0.0318  0.0135  0.0018]	-9.7754	0.0000	0.0480
[358,372,388]	[-0.0292  0.0136  0.0189]	-17.5672	0.0000	0.0481
[360,372,388]	[0.0001  0.0128  0.0189]	-17.8052	0.0000	0.0281
[360,372,456]	[0.0082  0.0116  0.0140]	-16.3337	0.0000	0.0296
[362,372,388]	[0.0099  0.0140  0.0202]	-19.9544	0.0000	0.0262
[362,372,456]	[0.0139  0.0134  0.0163]	-19.1112	0.0000	0.0282
[363,372,388]	[-0.0202  0.0131  0.0210]	-17.5523	0.0000	0.0422
[364,372,388]	[0.0038  0.0128  0.0182]	-18.2056	0.0000	0.0329
[364,372,456]	[0.0048  0.0115  0.0130]	-16.1642	0.0000	0.0268
[366,372,388]	[-0.0104  0.0140  0.0214]	-18.5664	0.0000	0.0333
[366,372,456]	[-0.0154  0.0133  0.0177]	-17.0080	0.0000	0.0443
[367,372,388]	[0.0078  0.0123  0.0197]	-18.1043	0.0000	0.0379
[367,372,456]	[-0.0014  0.0116  0.0137]	-15.6224	0.0000	0.0292
[371,372,388]	[0.0017  0.0128  0.0187]	-17.7855	0.0000	0.0288
[371,372,456]	[0.0097  0.0114  0.0130]	-15.6254	0.0000	0.0256
[372,373,388]	[0.0130  0.0034  0.0188]	-18.3795	0.0000	0.0348
[372,373,456]	[0.0116  0.0022  0.0136]	-15.9608	0.0000	0.0276
[372,374,456]	[0.0113  0.0094  0.0139]	-15.7899	0.0000	0.0282
[372,377,388]	[0.0129  0.0246  0.0171]	-18.2072	0.0000	0.0392
[372,378,388]	[0.0153  0.0106  0.0240]	-22.0737	0.0000	0.0366
[372,378,456]	[0.0132  0.0090  0.0168]	-18.6714	0.0435	0.0323
[372,380,388]	[0.0140  0.0169  0.0181]	-20.9602	0.0000	0.0422
[372,380,456]	[0.0122  0.0131  0.0128]	-17.8068	0.0000	0.0327
[372,381,388]	[0.0128  -0.0002  0.0189]	-17.7717	0.0000	0.0336
[372,381,456]	[0.0117  0.0071  0.0138]	-16.9338	0.0000	0.0295
[372,382,388]	[0.0143  -0.0224  0.0191]	-17.8873	0.0000	0.0419
[372,382,456]	[0.0133  -0.0252  0.0142]	-15.8629	0.0000	0.0467
[372,384,388]	[0.0146  0.0119  0.0225]	-21.2559	0.0000	0.0361
[372,384,456]	[0.0127  0.0101  0.0158]	-18.0454	0.0000	0.0306
[372,385,388]	[0.0126  0.0112  0.0190]	-18.2866	0.0000	0.0296
[372,385,456]	[0.0113  0.0110  0.0138]	-16.0678	0.0000	0.0251
[372,387,388]	[0.0128  -0.0013  0.0188]	-17.7943	0.0000	0.0266
[372,387,456]	[0.0118  -0.0177  0.0132]	-15.6187	0.0000	0.0337
[372,388,390]	[0.0129  0.0186  0.0023]	-17.9404	0.0000	0.0288
[372,388,391]	[0.0132  0.0189  -0.0104]	-17.8280	0.0000	0.0305
[372,388,393]	[0.0128  0.0190  -0.0035]	-17.5480	0.0000	0.0275
[372,388,394]	[0.0128  0.0187  -0.0075]	-17.5320	0.0000	0.0285
[372,388,395]	[0.0128  0.0188  -0.0009]	-17.6702	0.0000	0.0286
[372,388,397]	[0.0128  0.0189  -0.0004]	-17.7651	0.0000	0.0305
[372,388,398]	[0.0132  0.0190  -0.0011]	-17.7966	0.0000	0.0427
[372,388,400]	[0.0130  0.0185  0.0064]	-18.9523	0.0000	0.0336
[372,388,401]	[0.0139  0.0189  0.0088]	-19.7079	0.0000	0.0340
[372,388,403]	[0.0131  0.0197  -0.0081]	-17.8219	0.0000	0.0330
[372,388,404]	[0.0130  0.0213  0.0215]	-18.9319	0.0435	0.0421
[372,388,405]	[0.0127  0.0211  -0.0188]	-16.8552	0.0000	0.0396
[372,388,406]	[0.0128  0.0187  -0.0062]	-17.0595	0.0000	0.0325
[372,388,407]	[0.0129  0.0206  0.0184]	-19.0540	0.0000	0.0380
[372,388,408]	[0.0132  0.0192  0.0274]	-19.1522	0.0435	0.0471
[372,388,409]	[0.0128  0.0189  -0.0109]	-17.6058	0.0000	0.0298
[372,388,410]	[0.0128  0.0194  -0.0141]	-17.1253	0.0000	0.0319
[372,388,412]	[0.0152  0.0250  0.0091]	-22.5884	0.0000	0.0472
[372,388,414]	[0.0127  0.0188  0.0092]	-17.8291	0.0000	0.0268
[372,388,415]	[0.0145  0.0229  0.0144]	-21.1566	0.0435	0.0391
[372,388,417]	[0.0131  0.0190  -0.0145]	-17.5476	0.0000	0.0357
[372,388,418]	[0.0131  0.0188  0.0169]	-18.7370	0.0000	0.0361
[372,388,419]	[0.0128  0.0188  0.0062]	-17.8966	0.0000	0.0292
[372,388,421]	[0.0127  0.0188  -0.0066]	-17.3722	0.0000	0.0267
[372,388,423]	[0.0131  0.0179  0.0045]	-18.7840	0.0000	0.0395
[372,388,425]	[0.0126  0.0207  0.0214]	-18.8410	0.0000	0.0459
[372,388,427]	[0.0127  0.0188  0.0081]	-18.5019	0.0000	0.0337
[372,388,428]	[0.0129  0.0197  -0.0272]	-17.0445	0.0000	0.0462
[372,388,430]	[0.0124  0.0188  0.0025]	-18.0651	0.0000	0.0425
[372,388,432]	[0.0134  0.0178  -0.0181]	-17.5826	0.0435	0.0413
[372,388,436]	[0.0137  0.0184  -0.0099]	-17.1792	0.0000	0.0427
[372,388,438]	[0.0130  0.0183  0.0290]	-18.4338	0.0000	0.0456
[372,388,439]	[0.0128  0.0188  0.0004]	-17.8122	0.0000	0.0305
[372,388,442]	[0.0128  0.0192  -0.0016]	-17.6506	0.0000	0.0401
[372,388,445]	[0.0123  0.0181  0.0032]	-17.6140	0.0000	0.0396
[372,388,446]	[0.0141  0.0167  -0.0301]	-16.5602	0.0000	0.0484
[372,388,449]	[0.0131  0.0218  0.0072]	-20.4316	0.0000	0.0420
[372,388,450]	[0.0130  0.0185  -0.0066]	-17.4003	0.0435	0.0391
[372,388,451]	[0.0129  0.0184  -0.0050]	-17.3928	0.0000	0.0292
[372,388,454]	[0.0128  0.0198  0.0239]	-18.5964	0.0000	0.0471
[372,388,456]	[0.0128  0.0172  0.0015]	-17.7937	0.0000	0.0296
[372,388,458]	[0.0132  0.0186  -0.0075]	-17.6111	0.0000	0.0355
[372,388,459]	[0.0132  0.0175  -0.0176]	-17.1343	0.0000	0.0339
[372,388,460]	[0.0131  0.0191  -0.0076]	-17.9008	0.0000	0.0279
[372,388,461]	[0.0133  0.0198  -0.0304]	-17.9165	0.0000	0.0495
[372,388,462]	[0.0128  0.0182  -0.0109]	-17.2503	0.0000	0.0292
[372,388,464]	[0.0133  0.0185  0.0108]	-19.8061	0.0000	0.0339
[372,390,445]	[0.0061  0.0059  0.0079]	-8.7643	0.0000	0.0494
[372,390,456]	[0.0124  0.0118  0.0141]	-17.4079	0.0000	0.0288
[372,391,456]	[0.0122  -0.0189  0.0141]	-15.8303	0.0000	0.0386
[372,393,456]	[0.0116  0.0050  0.0136]	-16.0155	0.0000	0.0232
[372,394,456]	[0.0115  -0.0148  0.0135]	-15.1648	0.0000	0.0290
[372,395,456]	[0.0113  -0.0033  0.0135]	-15.1561	0.0000	0.0239
[372,397,456]	[0.0115  0.0045  0.0131]	-16.0667	0.0000	0.0255
[372,398,456]	[0.0115  -0.0000  0.0137]	-15.5944	0.0000	0.0365
[372,400,456]	[0.0118  0.0101  0.0134]	-17.5649	0.0000	0.0319
[372,401,456]	[0.0124  0.0084  0.0137]	-17.3868	0.0000	0.0304
[372,403,456]	[0.0114  0.0011  0.0136]	-15.6109	0.0000	0.0229
[372,404,456]	[0.0113  0.0122  0.0144]	-15.8973	0.0000	0.0307
[372,405,456]	[0.0113  -0.0053  0.0140]	-15.1764	0.0000	0.0236
[372,406,456]	[0.0114  -0.0084  0.0136]	-14.6639	0.0000	0.0264
[372,407,456]	[0.0114  0.0122  0.0145]	-16.2874	0.0000	0.0317
[372,408,456]	[0.0117  0.0218  0.0138]	-16.6001	0.0435	0.0394
[372,409,456]	[0.0115  0.0008  0.0137]	-15.6134	0.0000	0.0210
[372,410,456]	[0.0114  -0.0188  0.0145]	-14.7929	0.0000	0.0355
[372,412,456]	[0.0126  0.0065  0.0161]	-18.0299	0.0000	0.0381
[372,414,456]	[0.0114  0.0114  0.0136]	-15.6396	0.0000	0.0227
[372,415,456]	[0.0125  0.0116  0.0157]	-17.7503	0.0435	0.0319
[372,416,456]	[0.0129  0.0272  0.0163]	-18.2652	0.0435	0.0406
[372,418,456]	[0.0115  -0.0007  0.0137]	-15.5634	0.0000	0.0215
[372,419,456]	[0.0114  0.0135  0.0137]	-15.9094	0.0000	0.0309
[372,421,456]	[0.0114  -0.0030  0.0137]	-15.3938	0.0000	0.0213
[372,423,456]	[0.0124  0.0082  0.0135]	-18.2228	0.0000	0.0369
[372,427,456]	[0.0114  0.0119  0.0139]	-16.7892	0.0435	0.0346
[372,428,456]	[0.0114  -0.0115  0.0138]	-15.1526	0.0000	0.0257
[372,430,456]	[0.0110  0.0029  0.0137]	-15.9467	0.0000	0.0363
[372,432,456]	[0.0123  -0.0226  0.0128]	-15.4981	0.0435	0.0485
[372,436,456]	[0.0128  -0.0128  0.0137]	-15.1385	0.0000	0.0370
[372,439,456]	[0.0115  0.0056  0.0137]	-15.9318	0.0000	0.0283
[372,442,456]	[0.0115  -0.0036  0.0148]	-15.4481	0.0000	0.0353
[372,443,456]	[0.0124  0.0254  0.0132]	-18.2847	0.0000	0.0478
[372,444,456]	[0.0161  -0.0118  0.0190]	-17.7276	0.0000	0.0476
[372,445,456]	[0.0108  0.0052  0.0130]	-15.5189	0.0435	0.0370
[372,446,456]	[0.0128  -0.0301  0.0117]	-14.3549	0.0000	0.0434
[372,449,456]	[0.0115  0.0065  0.0158]	-17.7478	0.0435	0.0358
[372,450,456]	[0.0118  -0.0090  0.0135]	-15.1761	0.0435	0.0410
[372,451,456]	[0.0118  -0.0091  0.0131]	-14.9793	0.0000	0.0253
[372,453,456]	[0.0116  0.0034  0.0138]	-16.4992	0.0000	0.0496
[372,454,456]	[0.0114  0.0199  0.0142]	-16.1497	0.0435	0.0392
[372,456,458]	[0.0122  0.0138  -0.0104]	-15.5963	0.0000	0.0294
[372,456,459]	[0.0121  0.0125  -0.0211]	-14.9736	0.0000	0.0385
[372,456,460]	[0.0121  0.0144  -0.0156]	-15.9231	0.0000	0.0284
[372,456,461]	[0.0119  0.0143  -0.0273]	-15.6371	0.0000	0.0420
[372,456,463]	[0.0122  0.0149  -0.0271]	-15.1295	0.0000	0.0463
[372,456,464]	[0.0118  0.0133  0.0081]	-17.0043	0.0000	0.0259
