gene index	a_n	m	resub	bresub
[3,48,329]	[0.0039  0.0651  0.0459]	-10.5442	0.0000	0.0429
[4,91,296]	[0.0496  0.0544  0.0207]	-24.7689	0.0000	0.0456
[10,48,329]	[-0.0300  0.0636  0.0466]	-9.9010	0.0000	0.0442
[13,48,329]	[0.0121  0.0644  0.0459]	-10.5396	0.0000	0.0365
[15,329,449]	[0.0322  0.0318  0.0279]	-9.9488	0.0000	0.0487
[22,329,449]	[-0.0075  0.0304  0.0308]	-9.9014	0.0000	0.0492
[30,48,329]	[-0.0103  0.0639  0.0473]	-10.1703	0.0000	0.0465
[33,48,329]	[0.0147  0.0625  0.0450]	-10.3679	0.0000	0.0366
[34,48,329]	[0.0039  0.0652  0.0453]	-10.5082	0.0000	0.0457
[36,377,449]	[0.0374  0.0966  0.0816]	-25.1910	0.0000	0.0477
[42,48,329]	[0.0401  0.0681  0.0507]	-12.8905	0.0000	0.0481
[45,217,283]	[-0.1404  0.2895  -0.0150]	-3.9253	0.0000	0.0471
[45,217,378]	[-0.1872  0.3723  -0.0506]	-4.2188	0.0000	0.0423
[48,64,329]	[0.0603  -0.0268  0.0497]	-9.3920	0.0000	0.0394
[48,68,329]	[0.0653  0.0255  0.0456]	-10.8686	0.0000	0.0485
[48,70,226]	[0.0662  0.0718  0.0714]	-9.9348	0.0000	0.0494
[48,70,329]	[0.0739  0.0891  0.0505]	-13.4960	0.0000	0.0466
[48,74,329]	[0.0618  0.0271  0.0419]	-10.6087	0.0000	0.0494
[48,96,329]	[0.0694  -0.0184  0.0445]	-10.4457	0.0000	0.0434
[48,107,329]	[0.0664  -0.0118  0.0461]	-10.0629	0.0000	0.0460
[48,110,329]	[0.0645  0.0005  0.0459]	-10.3835	0.0000	0.0404
[48,113,329]	[0.0645  -0.0001  0.0458]	-10.3749	0.0000	0.0407
[48,129,329]	[0.0712  -0.0598  0.0495]	-10.8908	0.0000	0.0455
[48,141,329]	[0.0653  0.0134  0.0442]	-10.5092	0.0000	0.0417
[48,142,329]	[0.0671  -0.0330  0.0444]	-9.8762	0.0000	0.0498
[48,173,329]	[0.0646  -0.0006  0.0459]	-10.3627	0.0000	0.0414
[48,176,329]	[0.0624  -0.0194  0.0508]	-10.2315	0.0000	0.0415
[48,180,329]	[0.0653  -0.0086  0.0462]	-10.2546	0.0000	0.0405
[48,200,329]	[0.0680  0.0698  0.0434]	-10.9626	0.0000	0.0436
[48,215,329]	[0.0679  0.0189  0.0472]	-11.9384	0.0000	0.0449
[48,217,329]	[0.0597  0.0830  0.0418]	-12.0812	0.0000	0.0451
[48,219,329]	[0.0646  -0.0008  0.0458]	-10.3354	0.0000	0.0449
[48,226,316]	[0.0628  0.0931  -0.1052]	-6.4630	0.0000	0.0493
[48,231,329]	[0.0666  -0.0203  0.0488]	-9.9540	0.0000	0.0446
[48,239,329]	[0.0633  0.0154  0.0472]	-10.5217	0.0000	0.0467
[48,246,329]	[0.0650  0.0044  0.0456]	-10.4937	0.0000	0.0439
[48,248,329]	[0.0726  -0.0362  0.0549]	-10.6066	0.0000	0.0487
[48,269,329]	[0.0692  0.0490  0.0413]	-11.0300	0.0000	0.0404
[48,285,329]	[0.0647  0.0052  0.0458]	-10.5370	0.0000	0.0487
[48,288,329]	[0.0644  -0.0142  0.0482]	-10.3972	0.0000	0.0431
[48,291,329]	[0.0647  0.0058  0.0458]	-10.5233	0.0000	0.0439
[48,315,329]	[0.0696  0.0478  0.0460]	-14.0067	0.0000	0.0426
[48,316,329]	[0.0666  -0.0929  0.0503]	-9.1141	0.0000	0.0473
[48,323,329]	[0.0634  -0.0077  0.0462]	-10.0930	0.0000	0.0497
[48,329,334]	[0.0645  0.0459  -0.0012]	-10.3462	0.0000	0.0484
[48,329,341]	[0.0665  0.0462  0.0064]	-10.8900	0.0000	0.0480
[48,329,359]	[0.0644  0.0461  0.0043]	-10.4547	0.0000	0.0450
[48,329,368]	[0.0703  0.0507  -0.0677]	-9.7979	0.0000	0.0474
[48,329,370]	[0.0646  0.0456  0.0113]	-10.6101	0.0000	0.0446
[48,329,388]	[0.0818  0.1183  0.1090]	-21.8645	0.0000	0.0471
[48,329,393]	[0.0747  0.0575  0.0552]	-15.7467	0.0000	0.0460
[48,329,394]	[0.0627  0.0464  -0.0239]	-9.6324	0.0000	0.0495
[48,329,411]	[0.0642  0.0477  -0.0123]	-10.1501	0.0000	0.0447
[48,329,415]	[0.0657  0.0564  -0.0243]	-10.5995	0.0000	0.0473
[48,329,421]	[0.0649  0.0472  -0.0267]	-9.5211	0.0000	0.0451
[48,329,424]	[0.0660  0.0441  0.0240]	-10.6476	0.0000	0.0370
[48,329,426]	[0.0644  0.0462  0.0023]	-10.4225	0.0000	0.0394
[48,329,429]	[0.0645  0.0459  -0.0008]	-10.3592	0.0000	0.0482
[48,329,441]	[0.0658  0.0495  0.0300]	-12.2922	0.0000	0.0378
[48,329,456]	[0.0724  0.0875  0.0374]	-16.4583	0.0000	0.0477
[48,329,457]	[0.0626  0.0487  -0.0341]	-9.7130	0.0000	0.0428
[60,377,449]	[-0.0794  0.1719  0.1721]	-37.0448	0.0000	0.0460
[74,77,273]	[0.3552  0.6163  0.3710]	-43.3459	0.0000	0.0442
[91,286,296]	[0.0481  -0.0105  0.0146]	-17.3672	0.0000	0.0499
[114,288,378]	[-0.2480  0.2611  0.1057]	11.7724	0.0000	0.0412
[129,329,449]	[-0.0124  0.0313  0.0318]	-10.2967	0.0000	0.0458
[169,329,449]	[-0.0204  0.0315  0.0290]	-9.2965	0.0000	0.0473
[217,255,394]	[0.3395  0.3019  -0.1936]	-8.0339	0.0000	0.0476
[232,329,449]	[0.0162  0.0309  0.0311]	-10.6475	0.0000	0.0477
[253,329,449]	[-0.0139  0.0323  0.0307]	-9.7342	0.0000	0.0494
[263,329,449]	[-0.0061  0.0305  0.0305]	-9.8347	0.0000	0.0494
[298,329,449]	[-0.0027  0.0308  0.0310]	-10.0988	0.0000	0.0477
[314,329,449]	[-0.0000  0.0308  0.0310]	-10.1728	0.0000	0.0449
[326,329,449]	[-0.0118  0.0298  0.0315]	-9.7806	0.0000	0.0478
[329,334,449]	[0.0303  0.0090  0.0318]	-10.5582	0.0000	0.0456
[329,336,449]	[0.0310  0.0011  0.0309]	-10.1844	0.0000	0.0497
[329,339,449]	[0.0309  0.0016  0.0310]	-10.2037	0.0000	0.0446
[329,359,449]	[0.0303  -0.0060  0.0315]	-10.1422	0.0000	0.0473
[329,392,449]	[0.0323  -0.0133  0.0310]	-10.0086	0.0000	0.0470
[329,424,449]	[0.0310  -0.0019  0.0310]	-10.1472	0.0000	0.0429
[329,449,454]	[0.0299  0.0308  0.0090]	-10.3067	0.0000	0.0459
[353,377,449]	[0.0286  0.1043  0.0763]	-23.2245	0.0000	0.0488
