gene index	a_n	m	resub	bresub
[1,30]	[0.0411  0.0202]	-2.2482	0.1935	0.2494
[1,197]	[0.0536  0.0261]	-3.0706	0.1935	0.2476
[1,295]	[0.0498  0.0513]	-2.8944	0.1613	0.2333
[1,418]	[0.0426  -0.0347]	-0.0662	0.1613	0.2192
[1,448]	[0.0369  0.0265]	-2.2542	0.2258	0.2244
[5,127]	[-0.0059  0.0140]	-0.0542	0.2581	0.2448
[16,353]	[0.0367  0.0578]	-2.7774	0.2258	0.2071
[23,255]	[0.0250  0.0203]	-1.2529	0.2581	0.2454
[23,353]	[0.0220  0.0498]	-2.0072	0.1935	0.2327
[30,93]	[0.0162  0.0096]	-1.0055	0.2903	0.2400
[30,127]	[0.0110  0.0072]	-1.3890	0.2258	0.2467
[30,205]	[0.0163  0.0059]	-0.8145	0.2581	0.2423
[30,217]	[0.0201  0.0117]	-1.8305	0.1935	0.2190
[30,230]	[0.0181  0.0139]	-1.5194	0.2258	0.2172
[30,255]	[0.0261  0.0230]	-2.1471	0.1935	0.1729
[30,297]	[0.0235  0.0118]	-2.7608	0.1613	0.2155
[30,315]	[0.0166  -0.0099]	-0.0957	0.2258	0.2432
[30,316]	[0.0159  0.0043]	-0.8603	0.2903	0.2437
[30,353]	[0.0215  0.0508]	-2.6575	0.1935	0.2302
[30,364]	[0.0200  0.0129]	-2.3033	0.2581	0.2363
[30,388]	[0.0234  0.0058]	-1.6850	0.1935	0.2067
[30,399]	[0.0139  0.0084]	-0.7141	0.3226	0.2485
[36,194]	[-0.0432  -0.0603]	2.9988	0.2258	0.2301
[37,247]	[-0.0226  -0.0628]	3.2923	0.1613	0.2495
[40,194]	[0.0449  -0.0557]	0.4498	0.1290	0.2446
[40,255]	[0.0250  0.0161]	-1.2692	0.2258	0.2450
[40,342]	[0.0262  -0.0252]	0.1928	0.1935	0.2459
[43,409]	[-0.0245  -0.0513]	2.3955	0.2258	0.2438
[49,255]	[0.0194  0.0257]	-3.3999	0.2258	0.2493
[51,255]	[0.0192  0.0268]	-2.0668	0.2258	0.2021
[51,353]	[0.0141  0.0551]	-2.5152	0.1613	0.2355
[51,364]	[0.0194  0.0196]	-3.1091	0.1935	0.2411
[64,409]	[0.0519  -0.0807]	0.8654	0.2258	0.2395
[78,152]	[0.0304  -0.0899]	0.3348	0.1935	0.2495
[78,255]	[0.0126  0.0149]	-1.4175	0.2258	0.2312
[80,255]	[0.0210  0.0213]	-1.9625	0.2581	0.2295
[80,353]	[0.0224  0.0583]	-3.0841	0.1290	0.2097
[82,255]	[0.0299  0.0269]	-2.4938	0.1613	0.2063
[89,152]	[0.0353  -0.0504]	0.2598	0.1613	0.2390
[89,169]	[0.0395  0.0243]	-1.6334	0.1935	0.2384
[89,230]	[0.0251  0.0091]	-1.1906	0.1935	0.2434
[89,255]	[0.0420  0.0192]	-2.0552	0.2258	0.2319
[89,283]	[0.0623  -0.0435]	-1.0493	0.2581	0.2484
[89,295]	[0.0366  0.0363]	-1.9611	0.1935	0.2382
[89,342]	[0.0508  -0.0400]	-0.2302	0.1935	0.2311
[89,353]	[0.0386  0.0474]	-2.7199	0.1935	0.2348
[89,409]	[0.0333  -0.0479]	0.5915	0.2581	0.2410
[89,438]	[0.0325  0.0237]	-1.2810	0.2258	0.2416
[89,448]	[0.0403  0.0309]	-2.4220	0.1613	0.2453
[93,230]	[0.0112  0.0133]	-1.0286	0.3226	0.2492
[99,247]	[-0.0152  -0.0334]	2.3368	0.1935	0.2376
[115,217]	[0.0056  0.0097]	-1.2516	0.2258	0.2220
[115,255]	[0.0076  0.0195]	-1.4866	0.2903	0.2259
[115,297]	[0.0072  0.0106]	-2.1602	0.1935	0.2358
[115,364]	[0.0093  0.0167]	-2.6716	0.2258	0.2385
[127,160]	[0.0155  -0.0123]	0.3520	0.1935	0.2338
[127,255]	[0.0210  0.0301]	-4.0003	0.1935	0.2100
[127,297]	[0.0162  0.0133]	-4.0040	0.1935	0.2281
[127,364]	[0.0157  0.0164]	-3.8329	0.1290	0.2012
[127,388]	[0.0186  0.0079]	-3.2846	0.1935	0.2192
[133,353]	[0.0262  0.0602]	-3.4629	0.2258	0.2482
[141,255]	[0.0187  0.0189]	-1.2630	0.2581	0.2417
[148,160]	[0.0281  -0.0106]	1.3678	0.1935	0.2435
[148,255]	[0.0394  0.0234]	-1.9282	0.2258	0.2330
[152,194]	[-0.0538  -0.0438]	2.6116	0.2581	0.2416
[152,409]	[-0.0535  -0.0520]	3.0828	0.2258	0.2315
[160,235]	[-0.0163  0.0262]	0.3612	0.1935	0.2353
[160,418]	[-0.0121  -0.0433]	3.9469	0.1935	0.2471
[176,230]	[0.0056  0.0141]	-1.0111	0.2581	0.2243
[176,255]	[0.0072  0.0195]	-1.1907	0.2258	0.2077
[176,364]	[0.0086  0.0160]	-2.2061	0.1935	0.2377
[177,409]	[-0.0198  -0.0486]	2.5267	0.2258	0.2453
[184,353]	[0.0366  0.0572]	-3.0751	0.2581	0.2474
[185,409]	[-0.0161  -0.0479]	2.1223	0.2258	0.2457
[192,255]	[0.0192  0.0199]	-1.3289	0.2258	0.2328
[192,353]	[0.0204  0.0545]	-2.3441	0.2258	0.2456
[192,364]	[0.0228  0.0162]	-2.3752	0.2258	0.2495
[194,247]	[-0.0469  -0.0369]	2.4562	0.2258	0.2292
[194,283]	[-0.0441  -0.0227]	1.6689	0.2581	0.2444
[194,353]	[-0.0367  0.0401]	-0.3024	0.1613	0.2272
[194,409]	[-0.0554  -0.0627]	3.5847	0.2258	0.2166
[194,418]	[-0.0389  -0.0247]	2.0443	0.2258	0.2464
[195,418]	[-0.0448  -0.0534]	3.9890	0.1935	0.2449
[200,255]	[0.0287  0.0212]	-1.2767	0.1935	0.2377
[200,353]	[0.0222  0.0492]	-1.9309	0.2258	0.2192
[205,255]	[0.0099  0.0183]	-0.9495	0.2581	0.2296
[205,353]	[0.0105  0.0500]	-1.8657	0.2258	0.2282
[215,409]	[-0.0476  -0.0739]	4.1425	0.1613	0.2109
[217,218]	[0.0098  0.0026]	-1.1543	0.2903	0.2380
[217,230]	[0.0088  0.0123]	-1.3269	0.1935	0.2299
[217,255]	[0.0131  0.0198]	-1.8783	0.1613	0.2056
[217,353]	[0.0128  0.0513]	-2.7379	0.2581	0.2477
[217,364]	[0.0125  0.0136]	-2.4988	0.1935	0.2330
[217,388]	[0.0110  0.0045]	-1.3569	0.2581	0.2447
[218,255]	[0.0028  0.0169]	-1.1362	0.2903	0.2375
[227,255]	[0.0337  0.0299]	-3.6912	0.1935	0.2334
[230,255]	[0.0126  0.0154]	-1.2899	0.2581	0.2265
[230,297]	[0.0168  0.0111]	-2.4729	0.2581	0.2423
[230,353]	[0.0139  0.0445]	-2.2030	0.1935	0.2454
[230,388]	[0.0111  0.0029]	-0.8685	0.2258	0.2326
[230,399]	[0.0116  0.0234]	-0.9466	0.2258	0.2382
[235,364]	[0.0186  0.0162]	-3.7042	0.1935	0.2423
[247,283]	[-0.0334  -0.0220]	1.4650	0.2258	0.2372
[247,347]	[-0.0475  -0.0232]	2.7362	0.1935	0.2411
[247,386]	[-0.0528  -0.0248]	3.1383	0.1613	0.2277
[247,406]	[-0.0577  -0.0158]	3.6207	0.2258	0.2372
[247,409]	[-0.0274  -0.0471]	2.4016	0.2258	0.2368
[248,353]	[0.0285  0.0505]	-2.4417	0.1935	0.2273
[248,388]	[0.0292  0.0053]	-1.3601	0.2258	0.2423
[255,276]	[0.0201  0.0047]	-1.1185	0.2903	0.2394
[255,286]	[0.0143  0.0191]	-0.9220	0.2258	0.2388
[255,295]	[0.0218  0.0517]	-2.1937	0.1290	0.2062
[255,308]	[0.0221  0.0093]	-1.4102	0.2258	0.2185
[255,316]	[0.0177  0.0067]	-1.0083	0.2903	0.2361
[255,354]	[0.0189  0.0034]	-1.0941	0.2581	0.2264
[255,378]	[0.0192  0.0040]	-1.0263	0.2258	0.2156
[255,384]	[0.0202  0.0061]	-1.2927	0.2258	0.2214
[255,399]	[0.0161  0.0289]	-1.1176	0.2581	0.2408
[255,404]	[0.0219  0.0203]	-1.6064	0.2258	0.2240
[255,420]	[0.0219  0.0559]	-1.8946	0.2258	0.2224
[255,449]	[0.0244  0.0057]	-2.9405	0.2258	0.2267
[275,297]	[-0.0148  0.0151]	-1.4597	0.0968	0.2065
[275,409]	[-0.0145  -0.0721]	3.0594	0.2581	0.2457
[297,386]	[0.0091  -0.0146]	-0.4115	0.1613	0.2479
[299,395]	[-0.0323  -0.0181]	2.2163	0.2258	0.2455
[305,364]	[0.0193  0.0159]	-3.1991	0.1613	0.2249
[316,322]	[0.0057  0.0023]	-0.4055	0.2581	0.2466
[317,395]	[-0.0134  -0.0209]	3.4526	0.1935	0.2481
[324,364]	[0.0151  0.0242]	-4.7588	0.1613	0.2417
[353,399]	[0.0449  0.0308]	-1.9698	0.2258	0.2282
[353,404]	[0.0422  0.0114]	-1.7730	0.1613	0.2433
[353,420]	[0.0471  0.0408]	-2.2698	0.1613	0.2167
[353,438]	[0.0479  0.0322]	-2.0503	0.1935	0.2285
[353,448]	[0.0416  0.0237]	-2.3197	0.2258	0.2331
[364,438]	[0.0175  0.0482]	-2.6324	0.1935	0.2387
[364,448]	[0.0130  0.0303]	-2.6327	0.1613	0.2312
[386,431]	[-0.0182  0.0156]	-0.4368	0.1935	0.2411
[386,448]	[-0.0127  0.0215]	-0.0579	0.1613	0.2414
[395,409]	[-0.0180  -0.0573]	2.5965	0.1935	0.2263
[409,418]	[-0.0585  -0.0391]	3.4041	0.2581	0.2380
[409,438]	[-0.0585  0.0386]	1.3629	0.2903	0.2395
[409,448]	[-0.0619  0.0379]	0.4994	0.1935	0.2402
