gene index	a_n	m	resub	bresub
[1,87]	[0.1064  -0.0572]	-1.4468	0.0667	0.1416
[1,127]	[0.1585  0.0392]	-11.7706	0.0667	0.1305
[1,133]	[0.1458  0.0593]	-7.8212	0.0000	0.1469
[1,184]	[0.1210  0.0625]	-6.0667	0.0667	0.1495
[1,244]	[0.1354  0.1002]	-7.9607	0.1333	0.1439
[1,355]	[0.1602  0.1693]	-9.0505	0.0667	0.1055
[1,417]	[0.1425  0.0894]	-7.9209	0.0000	0.1121
[1,448]	[0.1094  0.0531]	-6.1413	0.0667	0.1445
[1,454]	[0.1529  0.1105]	-8.8777	0.1333	0.1110
[13,127]	[0.0071  0.0198]	-3.4325	0.0667	0.1212
[15,127]	[-0.0164  0.0210]	-3.1584	0.0667	0.1322
[16,58]	[0.0607  0.0355]	-3.1651	0.0667	0.1442
[16,127]	[0.0152  0.0168]	-3.1818	0.0667	0.1151
[21,127]	[-0.0335  0.0222]	-2.7208	0.1333	0.1485
[23,127]	[0.0072  0.0177]	-3.1054	0.0667	0.1188
[25,386]	[0.0294  -0.0433]	-4.3224	0.1333	0.1489
[25,417]	[0.0131  0.0469]	-4.7909	0.0667	0.1490
[25,432]	[0.0334  -0.0423]	-5.4937	0.1333	0.1263
[30,127]	[0.0012  0.0187]	-3.1260	0.0667	0.1235
[34,417]	[0.0964  0.1415]	-8.9881	0.1333	0.1490
[36,99]	[-0.0562  -0.0544]	4.6766	0.1333	0.1476
[41,127]	[0.0010  0.0192]	-3.1998	0.0667	0.1453
[42,127]	[-0.0056  0.0191]	-2.8148	0.0667	0.1457
[45,417]	[-0.0315  0.0499]	-1.1997	0.1333	0.1465
[51,127]	[0.0048  0.0169]	-3.0745	0.0667	0.1338
[51,417]	[0.0088  0.0476]	-2.2649	0.1333	0.1486
[51,456]	[0.0224  0.0080]	-2.4780	0.1333	0.1495
[55,127]	[-0.0380  0.0270]	-2.9275	0.0667	0.1377
[58,127]	[0.0687  0.0502]	-11.4097	0.0667	0.1138
[58,404]	[0.0372  0.0580]	-3.5869	0.0667	0.1360
[58,454]	[0.0293  0.0784]	-3.9537	0.1333	0.1490
[62,87]	[-0.0917  -0.0672]	4.7105	0.0667	0.1387
[62,401]	[-0.1936  -0.1811]	8.6519	0.0667	0.1064
[65,417]	[0.0653  0.0566]	-3.0433	0.1333	0.1229
[65,454]	[0.0658  0.0640]	-3.2275	0.1333	0.1355
[67,127]	[0.0015  0.0192]	-3.1624	0.0667	0.1243
[69,127]	[0.0171  0.0330]	-6.7995	0.0667	0.1435
[74,127]	[0.0161  0.0181]	-3.4908	0.0667	0.1456
[74,417]	[0.0419  0.0642]	-3.6841	0.1333	0.1458
[76,127]	[0.0101  0.0176]	-3.3884	0.0667	0.1175
[77,127]	[-0.0167  0.0195]	-2.3639	0.0667	0.1197
[79,127]	[0.0159  0.0190]	-3.4856	0.0667	0.1310
[80,127]	[0.0161  0.0155]	-3.5275	0.0667	0.1184
[80,417]	[0.0207  0.0451]	-2.8725	0.1333	0.1464
[87,99]	[-0.0520  -0.0457]	4.3205	0.1333	0.1359
[87,110]	[-0.0540  -0.1071]	4.5650	0.0667	0.1278
[87,152]	[-0.0792  -0.2414]	7.7386	0.0667	0.1253
[87,207]	[-0.1006  -0.0645]	7.0663	0.1333	0.1191
[87,210]	[-0.0540  -0.0575]	5.8792	0.1333	0.1392
[87,238]	[-0.1243  -0.1550]	12.9466	0.0000	0.1019
[87,239]	[-0.1027  -0.1458]	8.2867	0.0667	0.1496
[87,270]	[-0.0532  -0.0380]	3.5540	0.1333	0.1474
[87,283]	[-0.0665  -0.0425]	3.5384	0.1333	0.1278
[87,289]	[-0.0589  0.0606]	-0.7274	0.0667	0.1459
[87,386]	[-0.0728  -0.0399]	5.0007	0.0667	0.1362
[87,409]	[-0.0972  -0.1330]	8.2753	0.1333	0.1173
[87,421]	[-0.0436  -0.0459]	2.9450	0.1333	0.1474
[87,432]	[-0.0616  -0.0268]	3.7247	0.1333	0.1423
[87,454]	[-0.0404  0.0564]	-0.5375	0.1333	0.1426
[92,127]	[0.0094  0.0189]	-3.4011	0.0667	0.1346
[101,127]	[-0.0007  0.0193]	-3.1376	0.0667	0.1195
[102,127]	[-0.0019  0.0190]	-3.0483	0.0667	0.1377
[107,127]	[0.0179  0.0198]	-3.9360	0.0667	0.1471
[108,127]	[0.0028  0.0193]	-3.3259	0.0667	0.1450
[110,420]	[-0.1126  0.0999]	1.4629	0.0667	0.1051
[113,127]	[0.0138  0.0195]	-3.4175	0.0667	0.1208
[127,133]	[0.0191  0.0005]	-3.1483	0.0667	0.1418
[127,134]	[0.0192  0.0014]	-3.1990	0.0667	0.1482
[127,135]	[0.0193  -0.0029]	-3.0717	0.0667	0.1305
[127,138]	[0.0192  -0.0000]	-3.1476	0.0667	0.1391
[127,141]	[0.0176  0.0054]	-3.0603	0.0667	0.1307
[127,158]	[0.0212  -0.0114]	-2.8650	0.0667	0.1326
[127,164]	[0.0204  -0.0043]	-3.0945	0.0667	0.1398
[127,169]	[0.0192  0.0002]	-3.1522	0.0667	0.1021
[127,184]	[0.0199  -0.0032]	-3.1479	0.0667	0.1451
[127,188]	[0.0209  0.0111]	-3.7286	0.0667	0.1453
[127,189]	[0.0193  -0.0010]	-3.0934	0.0667	0.1387
[127,190]	[0.0178  0.0019]	-3.0386	0.0667	0.1185
[127,192]	[0.0172  0.0067]	-3.0597	0.0667	0.1195
[127,194]	[0.0193  -0.0235]	-2.5760	0.0667	0.1428
[127,196]	[0.0205  -0.0345]	-2.4017	0.1333	0.1449
[127,200]	[0.0214  -0.0080]	-3.3480	0.0667	0.1391
[127,205]	[0.0232  0.0122]	-4.3478	0.0667	0.1285
[127,211]	[0.0166  0.0073]	-3.1583	0.0667	0.1360
[127,215]	[0.0210  -0.0214]	-2.8104	0.0667	0.1424
[127,220]	[0.0192  -0.0013]	-3.0628	0.0667	0.1375
[127,227]	[0.0182  0.0037]	-3.2488	0.0667	0.1325
[127,230]	[0.0374  0.0334]	-8.6233	0.1333	0.1092
[127,236]	[0.0210  -0.0249]	-2.0555	0.0667	0.1392
[127,238]	[0.0499  -0.1430]	-0.4124	0.0667	0.1149
[127,240]	[0.0188  0.0115]	-3.7182	0.0667	0.1223
[127,243]	[0.0191  0.0011]	-3.1663	0.0667	0.1310
[127,248]	[0.0230  -0.0115]	-3.4970	0.0667	0.1385
[127,253]	[0.0194  -0.0182]	-2.5533	0.0667	0.1157
[127,255]	[0.0466  0.0606]	-9.6169	0.1333	0.1484
[127,258]	[0.0195  -0.0093]	-2.9347	0.0667	0.1337
[127,262]	[0.0202  0.0079]	-3.6634	0.0667	0.1458
[127,266]	[0.0211  -0.0038]	-3.3085	0.0667	0.1489
[127,267]	[0.0423  0.0380]	-12.6883	0.0000	0.1430
[127,269]	[0.0188  0.0131]	-3.3842	0.0667	0.1339
[127,273]	[0.0197  -0.0042]	-3.1209	0.0667	0.1196
[127,278]	[0.0191  -0.0032]	-3.0068	0.0667	0.1486
[127,280]	[0.0203  0.0228]	-3.7653	0.0667	0.1443
[127,289]	[0.0186  0.0149]	-3.7428	0.0667	0.1155
[127,294]	[0.0193  0.0054]	-3.2647	0.0667	0.1331
[127,295]	[0.0195  -0.0038]	-3.1094	0.0667	0.1272
[127,298]	[0.0190  0.0301]	-3.9555	0.0667	0.1261
[127,314]	[0.0196  -0.0077]	-2.9762	0.0667	0.1464
[127,316]	[0.0237  0.0085]	-4.5262	0.0667	0.1427
[127,326]	[0.0242  -0.0256]	-3.1698	0.0667	0.1461
[127,339]	[0.0199  -0.0064]	-3.1438	0.0667	0.1178
[127,346]	[0.0182  0.0084]	-3.0900	0.0667	0.1003
[127,348]	[0.0192  -0.0020]	-3.0938	0.0667	0.1200
[127,351]	[0.0191  0.0035]	-3.2657	0.0667	0.1288
[127,357]	[0.0193  0.0067]	-3.3022	0.0667	0.1220
[127,359]	[0.0195  -0.0025]	-3.1412	0.0667	0.1193
[127,363]	[0.0210  0.0187]	-4.2195	0.0667	0.1469
[127,365]	[0.0196  -0.0050]	-3.1061	0.0667	0.1417
[127,368]	[0.0192  -0.0017]	-3.1042	0.0667	0.1266
[127,370]	[0.0186  0.0145]	-3.3734	0.0667	0.1389
[127,386]	[0.0297  -0.0364]	-2.7199	0.0667	0.1404
[127,388]	[0.0485  0.0167]	-10.0174	0.0667	0.1318
[127,392]	[0.0186  0.0033]	-3.1942	0.0667	0.1382
[127,394]	[0.0219  -0.0178]	-3.1059	0.0667	0.1284
[127,404]	[0.0158  0.0146]	-3.0910	0.0667	0.1430
[127,405]	[0.0433  0.0570]	-8.8619	0.0000	0.1106
[127,422]	[0.0191  -0.0091]	-2.9596	0.0667	0.1164
[127,429]	[0.0167  0.0348]	-3.2131	0.0667	0.1459
[127,433]	[0.0211  -0.0175]	-2.9740	0.0667	0.1354
[127,442]	[0.0201  0.0039]	-3.4699	0.0667	0.1424
[127,448]	[0.0174  0.0103]	-3.3607	0.0667	0.1494
[127,456]	[0.0380  0.0111]	-7.8530	0.0667	0.1253
[129,417]	[-0.0247  0.0615]	-1.7125	0.1333	0.1436
[139,207]	[-0.0241  -0.0349]	4.1640	0.0667	0.1480
[175,454]	[0.1362  0.1137]	-6.2892	0.0000	0.1201
[181,454]	[0.1194  0.0946]	-6.4287	0.1333	0.1498
[207,401]	[-0.0293  -0.0631]	3.0092	0.1333	0.1445
[210,417]	[-0.0756  0.0771]	2.4038	0.0000	0.1331
[244,417]	[0.0297  0.0497]	-2.8152	0.1333	0.1494
[286,417]	[0.1186  0.0686]	-4.2686	0.0667	0.1394
[286,454]	[0.1175  0.0776]	-4.4636	0.0667	0.1217
[294,417]	[-0.0160  0.0548]	-1.6058	0.1333	0.1448
[296,456]	[0.0077  0.0088]	-5.2545	0.0667	0.1270
[303,417]	[0.1016  0.0753]	-5.2945	0.0667	0.1450
[327,417]	[0.0344  0.0512]	-4.7568	0.0667	0.1349
[355,404]	[0.1062  0.0468]	-4.0273	0.0667	0.1493
[401,454]	[-0.0492  0.0619]	-1.1084	0.0667	0.1226
[403,454]	[0.0644  0.1041]	-7.7188	0.0667	0.1375
[404,417]	[0.0344  0.0547]	-3.1772	0.1333	0.1304
[404,454]	[0.0341  0.0612]	-3.3107	0.2000	0.1418
[405,417]	[0.0287  0.0697]	-3.2986	0.0667	0.1460
[409,421]	[-0.0952  -0.0979]	6.4915	0.0667	0.1442
[417,420]	[0.0549  0.0750]	-2.9967	0.1333	0.1361
[417,434]	[0.0538  0.0868]	-3.5003	0.1333	0.1388
[429,454]	[0.0578  0.0584]	-2.7921	0.2000	0.1450
[434,454]	[0.2607  0.1280]	-9.3145	0.0000	0.1131
