gene index	a_n	m	resub	bresub
[1,4,91,296]	[-0.0146  0.0470  0.0559  0.0208]	-24.4745	0.0000	0.0438
[1,366,449,456]	[-0.0351  0.0346  0.1063  0.0542]	-35.7542	0.0000	0.0439
[2,3,91,204]	[-0.0652  -0.0482  0.0979  0.0527]	-18.0393	0.0000	0.0469
[2,4,91,296]	[-0.0824  0.0491  0.1195  0.0330]	-26.8146	0.0000	0.0461
[2,12,91,204]	[-0.1120  -0.0873  0.1135  0.1041]	-10.1965	0.0000	0.0487
[2,22,91,296]	[-0.0793  -0.0335  0.1169  0.0266]	-20.8251	0.0000	0.0474
[2,30,91,296]	[-0.0858  0.0356  0.1165  0.0270]	-20.8004	0.0000	0.0485
[2,34,91,204]	[-0.0664  0.0219  0.0980  0.0532]	-19.5917	0.0000	0.0476
[2,35,91,296]	[-0.0795  -0.0263  0.1232  0.0308]	-21.4754	0.0000	0.0491
[2,43,91,204]	[-0.0671  -0.0276  0.1038  0.0556]	-20.2131	0.0000	0.0497
[2,48,91,204]	[-0.0608  0.0440  0.0991  0.0471]	-24.9767	0.0000	0.0424
[2,52,91,204]	[-0.0648  0.0491  0.0996  0.0515]	-20.6522	0.0000	0.0489
[2,52,91,296]	[-0.0852  0.0534  0.1150  0.0265]	-20.6148	0.0000	0.0483
[2,65,91,204]	[-0.0628  0.0112  0.1003  0.0510]	-20.4687	0.0000	0.0429
[2,66,91,296]	[-0.0670  -0.0799  0.1271  0.0350]	-25.7414	0.0000	0.0485
[2,74,91,204]	[-0.0600  0.0385  0.0984  0.0488]	-21.3393	0.0000	0.0459
[2,76,91,204]	[-0.0626  0.0090  0.1003  0.0527]	-20.9354	0.0000	0.0474
[2,81,91,296]	[-0.0821  -0.0056  0.1151  0.0271]	-20.2721	0.0000	0.0471
[2,82,91,296]	[-0.0788  -0.0192  0.1136  0.0277]	-20.3419	0.0000	0.0417
[2,84,91,296]	[-0.0813  -0.0219  0.1139  0.0285]	-19.9968	0.0000	0.0438
[2,89,91,204]	[-0.0659  0.0270  0.0995  0.0529]	-20.0219	0.0000	0.0468
[2,89,91,296]	[-0.0804  -0.0220  0.1159  0.0271]	-20.7996	0.0000	0.0449
[2,91,92,204]	[-0.0605  0.0992  0.0495  0.0504]	-21.0812	0.0000	0.0452
[2,91,94,296]	[-0.0841  0.1196  -0.0515  0.0273]	-18.3320	0.0000	0.0499
[2,91,95,296]	[-0.0713  0.1191  -0.0269  0.0296]	-21.7055	0.0000	0.0483
[2,91,101,296]	[-0.0849  0.1143  -0.0336  0.0275]	-18.5829	0.0000	0.0493
[2,91,104,204]	[-0.0604  0.1009  0.0121  0.0518]	-21.6620	0.0000	0.0497
[2,91,110,296]	[-0.0814  0.1152  -0.0267  0.0274]	-20.3851	0.0000	0.0440
[2,91,111,296]	[-0.0844  0.1135  -0.0370  0.0286]	-18.0858	0.0000	0.0481
[2,91,113,296]	[-0.0827  0.1151  -0.0113  0.0271]	-20.1065	0.0000	0.0452
[2,91,115,296]	[-0.0853  0.1132  0.0426  0.0261]	-19.7804	0.0000	0.0484
[2,91,116,204]	[-0.0618  0.1006  -0.0129  0.0514]	-20.4680	0.0000	0.0467
[2,91,116,296]	[-0.0813  0.1191  -0.0384  0.0262]	-20.9180	0.0000	0.0465
[2,91,126,204]	[-0.0623  0.0996  -0.0054  0.0529]	-20.3050	0.0000	0.0485
[2,91,126,296]	[-0.0832  0.1159  -0.0206  0.0279]	-19.9072	0.0000	0.0489
[2,91,129,296]	[-0.0826  0.1148  0.0123  0.0267]	-20.2577	0.0000	0.0416
[2,91,135,204]	[-0.0593  0.0998  0.0179  0.0539]	-22.1352	0.0000	0.0454
[2,91,135,296]	[-0.0762  0.1250  0.0802  0.0332]	-29.6321	0.0000	0.0478
[2,91,141,204]	[-0.0620  0.0996  -0.0051  0.0529]	-20.5064	0.0000	0.0469
[2,91,141,296]	[-0.0856  0.1159  0.0391  0.0260]	-20.0636	0.0000	0.0475
[2,91,142,296]	[-0.0805  0.1152  -0.0157  0.0269]	-20.5229	0.0000	0.0452
[2,91,148,204]	[-0.0624  0.0996  0.0001  0.0524]	-20.3969	0.0000	0.0460
[2,91,148,296]	[-0.0809  0.1153  -0.0149  0.0269]	-20.4836	0.0000	0.0456
[2,91,153,296]	[-0.0835  0.1167  0.0287  0.0261]	-20.5335	0.0000	0.0441
[2,91,154,296]	[-0.0783  0.1199  -0.0166  0.0270]	-20.8966	0.0000	0.0493
[2,91,158,296]	[-0.0703  0.1208  -0.0648  0.0299]	-23.6875	0.0000	0.0449
[2,91,162,204]	[-0.0625  0.0996  0.0454  0.0538]	-23.4642	0.0000	0.0459
[2,91,163,204]	[-0.0564  0.1002  -0.0370  0.0575]	-20.9907	0.0000	0.0486
[2,91,169,204]	[-0.0624  0.0992  -0.0057  0.0522]	-20.1377	0.0000	0.0447
[2,91,173,296]	[-0.0824  0.1153  -0.0035  0.0269]	-20.3267	0.0000	0.0470
[2,91,176,296]	[-0.0823  0.1152  -0.0033  0.0270]	-20.3897	0.0000	0.0427
[2,91,185,296]	[-0.0826  0.1145  -0.0053  0.0270]	-19.9453	0.0000	0.0441
[2,91,189,296]	[-0.0839  0.1148  -0.0485  0.0314]	-18.2960	0.0000	0.0488
[2,91,192,296]	[-0.0827  0.1149  0.0004  0.0269]	-20.2384	0.0000	0.0474
[2,91,195,296]	[-0.0831  0.1202  -0.0365  0.0264]	-19.5979	0.0000	0.0473
[2,91,204,219]	[-0.0596  0.1001  0.0529  -0.0115]	-20.6389	0.0000	0.0459
[2,91,204,227]	[-0.0677  0.0944  0.0505  0.0274]	-18.6580	0.0000	0.0494
[2,91,204,239]	[-0.0620  0.0999  0.0523  -0.0044]	-20.5113	0.0000	0.0463
[2,91,204,253]	[-0.0617  0.1012  0.0534  -0.0260]	-20.3277	0.0000	0.0498
[2,91,204,269]	[-0.0658  0.0984  0.0520  0.0463]	-19.5827	0.0000	0.0499
[2,91,204,273]	[-0.0555  0.0928  0.0603  0.0424]	-22.3998	0.0000	0.0439
[2,91,204,283]	[-0.0637  0.1018  0.0517  -0.0206]	-20.4883	0.0000	0.0455
[2,91,204,286]	[-0.0606  0.0936  0.0562  -0.0534]	-17.9406	0.0000	0.0453
[2,91,204,291]	[-0.0623  0.0997  0.0523  0.0064]	-20.5913	0.0000	0.0483
[2,91,204,292]	[-0.0600  0.1002  0.0523  -0.0080]	-20.8341	0.0000	0.0485
[2,91,204,294]	[-0.0634  0.0992  0.0532  -0.0053]	-19.9760	0.0000	0.0481
[2,91,204,298]	[-0.0641  0.0982  0.0537  -0.0216]	-19.1946	0.0000	0.0475
[2,91,204,302]	[-0.0697  0.0945  0.0594  -0.0414]	-16.7876	0.0000	0.0499
[2,91,204,322]	[-0.1175  0.1609  0.0974  -0.1070]	-23.3819	0.0000	0.0456
[2,91,204,323]	[-0.0607  0.0982  0.0540  -0.0291]	-19.9650	0.0000	0.0477
[2,91,204,327]	[-0.0595  0.0978  0.0550  -0.0158]	-19.5995	0.0000	0.0479
[2,91,204,331]	[-0.0610  0.0982  0.0537  0.0263]	-20.9238	0.0000	0.0430
[2,91,204,334]	[-0.0664  0.1034  0.0550  0.0436]	-21.9509	0.0000	0.0485
[2,91,204,344]	[-0.0621  0.0968  0.0553  -0.0232]	-19.4846	0.0000	0.0475
[2,91,204,349]	[-0.0682  0.0936  0.0464  0.0409]	-19.6353	0.0000	0.0480
[2,91,204,357]	[-0.0570  0.1038  0.0544  -0.0323]	-22.1457	0.0000	0.0490
[2,91,204,359]	[-0.0624  0.0992  0.0539  -0.0258]	-20.0410	0.0000	0.0439
[2,91,204,391]	[-0.0607  0.0985  0.0571  0.0384]	-22.6577	0.0000	0.0487
[2,91,204,393]	[-0.0620  0.1002  0.0523  -0.0100]	-20.0382	0.0000	0.0499
[2,91,204,396]	[-0.0616  0.0993  0.0525  0.0088]	-20.6448	0.0000	0.0483
[2,91,204,407]	[-0.0635  0.0992  0.0522  0.0044]	-20.2383	0.0000	0.0480
[2,91,204,422]	[-0.0639  0.1001  0.0528  -0.0170]	-19.9276	0.0000	0.0462
[2,91,204,443]	[-0.0622  0.0999  0.0524  0.0021]	-20.6535	0.0000	0.0489
[2,91,204,457]	[-0.0636  0.0998  0.0529  0.0163]	-20.5476	0.0000	0.0484
[2,91,214,296]	[-0.0810  0.1161  -0.0064  0.0272]	-20.9489	0.0000	0.0441
[2,91,219,296]	[-0.0884  0.1149  0.0218  0.0269]	-20.0622	0.0000	0.0480
[2,91,227,296]	[-0.0948  0.1076  0.0556  0.0266]	-17.6961	0.0000	0.0490
[2,91,228,296]	[-0.0783  0.1268  -0.0605  0.0293]	-22.7478	0.0000	0.0469
[2,91,230,296]	[-0.0844  0.1117  -0.0340  0.0275]	-17.7573	0.0000	0.0472
[2,91,231,296]	[-0.0829  0.1160  0.0091  0.0267]	-20.8309	0.0000	0.0498
[2,91,238,296]	[-0.0806  0.1181  -0.0328  0.0273]	-20.3165	0.0000	0.0489
[2,91,253,296]	[-0.0845  0.1152  0.0280  0.0272]	-20.8376	0.0000	0.0484
[2,91,263,296]	[-0.0859  0.1118  -0.0341  0.0272]	-17.7097	0.0000	0.0437
[2,91,266,296]	[-0.0790  0.1238  -0.0478  0.0284]	-23.6351	0.0000	0.0476
[2,91,269,296]	[-0.0835  0.1144  0.0130  0.0268]	-19.9794	0.0000	0.0443
[2,91,279,296]	[-0.0820  0.1129  -0.0167  0.0278]	-19.6381	0.0000	0.0417
[2,91,283,296]	[-0.0808  0.1114  0.0388  0.0277]	-20.1263	0.0000	0.0442
[2,91,292,296]	[-0.0816  0.1152  -0.0035  0.0269]	-20.4272	0.0000	0.0461
[2,91,295,296]	[-0.0835  0.1151  0.0064  0.0269]	-20.2112	0.0000	0.0497
[2,91,296,298]	[-0.0838  0.1140  0.0272  -0.0131]	-19.4255	0.0000	0.0477
[2,91,296,299]	[-0.0820  0.1127  0.0274  0.0117]	-20.3325	0.0000	0.0497
[2,91,296,302]	[-0.0822  0.1159  0.0269  0.0040]	-20.7621	0.0000	0.0489
[2,91,296,303]	[-0.0816  0.1151  0.0269  -0.0132]	-20.0249	0.0000	0.0462
[2,91,296,306]	[-0.0838  0.1082  0.0275  0.0219]	-19.7508	0.0000	0.0441
[2,91,296,326]	[-0.0840  0.1157  0.0263  -0.0168]	-19.3429	0.0000	0.0435
[2,91,296,334]	[-0.0836  0.1154  0.0269  0.0143]	-20.5061	0.0000	0.0437
[2,91,296,344]	[-0.0827  0.1145  0.0270  -0.0026]	-20.1031	0.0000	0.0454
[2,91,296,345]	[-0.0818  0.1141  0.0275  -0.0253]	-19.7916	0.0000	0.0449
[2,91,296,346]	[-0.0812  0.1152  0.0268  0.0090]	-20.8418	0.0000	0.0484
[2,91,296,349]	[-0.0853  0.1104  0.0251  0.0269]	-19.8660	0.0000	0.0442
[2,91,296,357]	[-0.0763  0.1267  0.0299  -0.0594]	-24.1251	0.0000	0.0486
[2,91,296,365]	[-0.0830  0.1152  0.0269  0.0028]	-20.3350	0.0000	0.0469
[2,91,296,374]	[-0.0808  0.1154  0.0274  -0.0112]	-20.6746	0.0000	0.0454
[2,91,296,375]	[-0.0820  0.1158  0.0268  -0.0066]	-20.2764	0.0000	0.0473
[2,91,296,391]	[-0.0822  0.1143  0.0293  0.0444]	-22.6100	0.0000	0.0475
[2,91,296,404]	[-0.0843  0.1153  0.0279  -0.0201]	-19.8395	0.0000	0.0473
[2,91,296,407]	[-0.0814  0.1155  0.0271  -0.0057]	-20.4591	0.0000	0.0440
[2,91,296,408]	[-0.0810  0.1147  0.0272  -0.0074]	-20.4579	0.0000	0.0430
[2,91,296,414]	[-0.0828  0.1150  0.0269  0.0015]	-20.2328	0.0000	0.0432
[2,91,296,416]	[-0.0824  0.1151  0.0270  -0.0034]	-20.3399	0.0000	0.0453
[2,91,296,418]	[-0.0771  0.1170  0.0296  0.0406]	-24.5122	0.0000	0.0493
[2,91,296,419]	[-0.0882  0.1125  0.0268  0.0406]	-19.4247	0.0000	0.0456
[2,91,296,422]	[-0.0836  0.1152  0.0270  -0.0104]	-19.9149	0.0000	0.0477
[2,91,296,425]	[-0.0825  0.1149  0.0270  -0.0045]	-20.1221	0.0000	0.0489
[2,91,296,434]	[-0.0848  0.1162  0.0270  0.0233]	-20.6214	0.0000	0.0465
[2,91,296,435]	[-0.0844  0.1129  0.0273  0.0160]	-19.9041	0.0000	0.0491
[2,91,296,443]	[-0.0893  0.1113  0.0287  -0.0497]	-15.1710	0.0000	0.0499
[2,91,296,446]	[-0.0803  0.1192  0.0270  -0.0228]	-19.8078	0.0000	0.0447
[2,91,296,454]	[-0.0830  0.1151  0.0271  -0.0043]	-20.1403	0.0000	0.0466
[2,91,296,457]	[-0.0807  0.1189  0.0281  -0.0650]	-20.9662	0.0000	0.0498
[2,91,296,464]	[-0.0999  0.1111  0.0320  -0.0436]	-10.3299	0.0000	0.0484
[3,4,91,296]	[0.0389  0.0468  0.0593  0.0218]	-27.2476	0.0000	0.0449
[3,8,48,329]	[0.0083  0.0482  0.0500  0.0603]	-12.7550	0.0000	0.0494
[3,10,48,329]	[-0.0004  -0.0300  0.0636  0.0466]	-9.8843	0.0000	0.0453
[3,13,48,329]	[0.0025  0.0115  0.0647  0.0460]	-10.6405	0.0000	0.0373
[3,15,329,449]	[-0.0067  0.0307  0.0318  0.0274]	-9.6186	0.0000	0.0483
[3,21,329,449]	[-0.0056  -0.0154  0.0321  0.0306]	-9.6597	0.0000	0.0485
[3,30,48,329]	[0.0138  -0.0161  0.0655  0.0484]	-10.6459	0.0000	0.0449
[3,33,48,329]	[0.0006  0.0146  0.0627  0.0450]	-10.3931	0.0000	0.0374
[3,34,48,329]	[0.0036  0.0037  0.0657  0.0454]	-10.6602	0.0000	0.0449
[3,42,48,329]	[0.0157  0.0411  0.0704  0.0511]	-13.6273	0.0000	0.0487
[3,48,64,329]	[0.0022  0.0606  -0.0268  0.0498]	-9.4883	0.0000	0.0399
[3,48,74,329]	[0.0104  0.0631  0.0288  0.0419]	-11.0724	0.0000	0.0489
[3,48,96,329]	[-0.0023  0.0691  -0.0188  0.0445]	-10.3465	0.0000	0.0424
[3,48,107,329]	[0.0053  0.0672  -0.0122  0.0462]	-10.2835	0.0000	0.0445
[3,48,110,329]	[0.0039  0.0651  0.0004  0.0459]	-10.5488	0.0000	0.0433
[3,48,111,329]	[-0.0018  0.0646  -0.0137  0.0459]	-9.6760	0.0000	0.0485
[3,48,113,329]	[0.0046  0.0652  -0.0019  0.0460]	-10.5422	0.0000	0.0405
[3,48,140,329]	[-0.0025  0.0942  0.0382  0.0756]	-17.3856	0.0000	0.0469
[3,48,141,329]	[0.0013  0.0654  0.0132  0.0442]	-10.5613	0.0000	0.0391
[3,48,156,366]	[-0.0667  0.0981  0.1338  0.0349]	-25.3315	0.0000	0.0430
[3,48,173,329]	[0.0042  0.0651  0.0005  0.0459]	-10.5687	0.0000	0.0473
[3,48,176,329]	[0.0029  0.0629  -0.0193  0.0508]	-10.3592	0.0000	0.0426
[3,48,200,329]	[-0.0069  0.0672  0.0736  0.0431]	-10.6952	0.0000	0.0473
[3,48,215,329]	[-0.0085  0.0669  0.0199  0.0470]	-11.6631	0.0000	0.0457
[3,48,219,329]	[0.0039  0.0651  -0.0000  0.0459]	-10.5438	0.0000	0.0446
[3,48,239,329]	[0.0064  0.0641  0.0164  0.0474]	-10.8061	0.0000	0.0469
[3,48,242,329]	[-0.0017  0.0636  -0.0061  0.0466]	-10.0269	0.0000	0.0479
[3,48,246,329]	[0.0047  0.0658  0.0051  0.0456]	-10.7136	0.0000	0.0454
[3,48,258,329]	[0.0035  0.0652  0.0018  0.0459]	-10.5843	0.0000	0.0489
[3,48,269,329]	[0.0171  0.0726  0.0587  0.0408]	-11.8960	0.0000	0.0464
[3,48,273,329]	[-0.0480  0.0886  0.1047  0.0731]	-16.9437	0.0000	0.0493
[3,48,285,329]	[0.0024  0.0650  0.0048  0.0459]	-10.6272	0.0000	0.0457
[3,48,288,329]	[0.0041  0.0649  -0.0143  0.0483]	-10.5720	0.0000	0.0417
[3,48,291,329]	[0.0055  0.0655  0.0068  0.0459]	-10.7852	0.0000	0.0446
[3,48,294,329]	[0.0017  0.0646  0.0014  0.0458]	-10.4718	0.0000	0.0469
[3,48,316,329]	[0.0034  0.0671  -0.0929  0.0504]	-9.2593	0.0000	0.0485
[3,48,319,329]	[0.0052  0.0658  -0.0053  0.0463]	-10.5793	0.0000	0.0487
[3,48,323,329]	[0.0020  0.0637  -0.0073  0.0462]	-10.1947	0.0000	0.0500
[3,48,329,334]	[0.0037  0.0650  0.0460  -0.0010]	-10.5138	0.0000	0.0491
[3,48,329,339]	[-0.0039  0.0656  0.0467  0.0285]	-11.0649	0.0000	0.0461
[3,48,329,341]	[0.0032  0.0669  0.0463  0.0061]	-11.0072	0.0000	0.0438
[3,48,329,346]	[-0.0071  0.0708  0.0448  0.0523]	-11.9946	0.0000	0.0460
[3,48,329,357]	[-0.0011  0.0633  0.0464  -0.0054]	-10.0833	0.0000	0.0497
[3,48,329,358]	[0.0043  0.0674  0.0465  -0.0122]	-10.2478	0.0000	0.0492
[3,48,329,359]	[0.0027  0.0648  0.0462  0.0037]	-10.5585	0.0000	0.0423
[3,48,329,368]	[0.0106  0.0719  0.0510  -0.0683]	-10.2493	0.0000	0.0495
[3,48,329,370]	[0.0041  0.0652  0.0457  0.0113]	-10.7887	0.0000	0.0429
[3,48,329,377]	[-0.0321  0.0707  0.0427  0.0469]	-11.3711	0.0000	0.0469
[3,48,329,388]	[0.0139  0.0839  0.1189  0.1093]	-22.5037	0.0000	0.0422
[3,48,329,393]	[-0.0007  0.0746  0.0575  0.0553]	-15.7200	0.0000	0.0455
[3,48,329,394]	[0.0102  0.0641  0.0466  -0.0251]	-10.0331	0.0000	0.0495
[3,48,329,411]	[0.0008  0.0644  0.0476  -0.0121]	-10.1857	0.0000	0.0468
[3,48,329,420]	[0.0030  0.0668  0.0451  0.0470]	-11.2382	0.0000	0.0497
[3,48,329,424]	[0.0004  0.0660  0.0441  0.0238]	-10.6644	0.0000	0.0377
[3,48,329,426]	[0.0048  0.0650  0.0464  0.0034]	-10.6491	0.0000	0.0429
[3,48,329,429]	[0.0094  0.0654  0.0464  -0.0058]	-10.6472	0.0000	0.0431
[3,48,329,441]	[0.0095  0.0672  0.0499  0.0311]	-12.7741	0.0000	0.0425
[3,48,329,456]	[0.0167  0.0749  0.0881  0.0377]	-17.2250	0.0000	0.0445
[3,76,329,449]	[-0.0110  0.0005  0.0311  0.0299]	-9.6309	0.0000	0.0494
[3,113,329,449]	[0.0030  -0.0277  0.0312  0.0333]	-10.2998	0.0000	0.0495
[3,129,329,449]	[-0.0094  -0.0102  0.0313  0.0307]	-9.7937	0.0000	0.0444
[3,175,329,449]	[-0.0114  -0.0093  0.0317  0.0296]	-9.3581	0.0000	0.0475
[3,217,377,449]	[-0.0271  0.1432  0.1357  0.0724]	-26.4320	0.0000	0.0499
[3,263,329,449]	[-0.0087  -0.0046  0.0307  0.0297]	-9.4739	0.0000	0.0487
[3,298,329,449]	[-0.0115  0.0015  0.0310  0.0299]	-9.6283	0.0000	0.0489
[3,314,329,449]	[-0.0106  -0.0016  0.0310  0.0301]	-9.6177	0.0000	0.0465
[3,329,334,449]	[-0.0086  0.0305  0.0080  0.0309]	-10.0782	0.0000	0.0447
[3,329,339,449]	[-0.0124  0.0312  0.0055  0.0297]	-9.6473	0.0000	0.0458
[3,329,341,456]	[-0.0087  0.0794  -0.0896  0.0412]	-4.0316	0.0000	0.0473
[3,329,359,449]	[-0.0091  0.0307  -0.0035  0.0304]	-9.6907	0.0000	0.0472
[3,329,424,449]	[-0.0110  0.0307  0.0037  0.0301]	-9.6626	0.0000	0.0450
[3,329,443,449]	[-0.0105  0.0310  0.0001  0.0300]	-9.6439	0.0000	0.0493
[3,329,449,454]	[-0.0183  0.0297  0.0288  0.0138]	-9.4439	0.0000	0.0485
[3,329,449,456]	[-0.0032  0.0670  0.0320  0.0337]	-14.9249	0.0000	0.0447
[3,366,449,456]	[-0.0022  0.0317  0.1006  0.0518]	-34.8884	0.0000	0.0394
[4,14,91,296]	[0.0519  -0.0266  0.0594  0.0226]	-26.3644	0.0000	0.0457
[4,19,91,296]	[0.0500  -0.0026  0.0544  0.0209]	-24.7272	0.0000	0.0381
[4,20,91,296]	[0.0536  0.0234  0.0523  0.0227]	-26.8419	0.0000	0.0450
[4,21,91,296]	[0.0494  0.0019  0.0546  0.0207]	-24.8322	0.0000	0.0378
[4,30,91,296]	[0.0517  0.0200  0.0542  0.0207]	-25.3187	0.0000	0.0388
[4,33,91,204]	[0.0560  0.0334  0.0627  0.0523]	-29.5774	0.0000	0.0483
[4,35,91,296]	[0.0425  -0.0265  0.0645  0.0242]	-25.1372	0.0000	0.0414
[4,36,91,296]	[0.0476  0.0282  0.0558  0.0213]	-26.0165	0.0000	0.0413
[4,38,91,296]	[0.0462  0.0193  0.0570  0.0216]	-26.9156	0.0000	0.0403
[4,41,91,204]	[0.0502  0.0292  0.0621  0.0608]	-30.7543	0.0000	0.0456
[4,41,91,296]	[0.0337  0.0633  0.0557  0.0265]	-28.3612	0.0000	0.0417
[4,42,91,296]	[0.0511  0.0233  0.0501  0.0216]	-24.8911	0.0000	0.0395
[4,48,91,204]	[0.0585  0.0485  0.0629  0.0505]	-34.4526	0.0000	0.0485
[4,48,91,296]	[0.0548  0.0623  0.0595  0.0203]	-33.5790	0.0000	0.0478
[4,53,91,296]	[0.0518  -0.0129  0.0556  0.0217]	-24.7666	0.0000	0.0427
[4,57,91,204]	[0.0535  0.0277  0.0634  0.0561]	-29.9617	0.0000	0.0469
[4,59,91,204]	[0.0589  0.0109  0.0625  0.0554]	-29.8686	0.0000	0.0489
[4,59,91,296]	[0.0491  -0.0346  0.0541  0.0221]	-23.8317	0.0000	0.0412
[4,62,91,296]	[0.0504  0.0115  0.0558  0.0205]	-25.4783	0.0000	0.0401
[4,65,91,296]	[0.0505  0.0332  0.0568  0.0194]	-25.5795	0.0000	0.0434
[4,67,91,296]	[0.0499  0.0007  0.0546  0.0207]	-24.8958	0.0000	0.0499
[4,70,91,296]	[0.0458  0.0463  0.0575  0.0198]	-26.0611	0.0000	0.0395
[4,71,91,296]	[0.0418  -0.0224  0.0607  0.0214]	-24.1642	0.0000	0.0487
[4,73,91,296]	[0.0487  -0.0195  0.0546  0.0200]	-23.8919	0.0000	0.0341
[4,74,91,296]	[0.0479  0.0202  0.0540  0.0194]	-24.7887	0.0000	0.0366
[4,75,91,296]	[0.0505  -0.0168  0.0576  0.0213]	-24.8366	0.0000	0.0458
[4,77,238,349]	[0.2784  0.4234  -0.4669  0.4741]	-50.5756	0.0000	0.0473
[4,78,91,296]	[0.0489  -0.0054  0.0543  0.0210]	-24.4969	0.0000	0.0360
[4,80,91,296]	[0.0489  -0.0507  0.0553  0.0246]	-24.1220	0.0000	0.0480
[4,81,91,296]	[0.0472  -0.0176  0.0564  0.0212]	-24.5919	0.0000	0.0387
[4,84,91,296]	[0.0473  -0.0140  0.0542  0.0215]	-24.3311	0.0000	0.0362
[4,86,91,296]	[0.0417  0.0137  0.0574  0.0214]	-26.0674	0.0000	0.0418
[4,91,96,204]	[0.0593  0.0614  0.0057  0.0559]	-29.3966	0.0000	0.0485
[4,91,96,296]	[0.0540  0.0524  0.0217  0.0211]	-25.0799	0.0000	0.0399
[4,91,107,296]	[0.0565  0.0558  0.0432  0.0206]	-27.6186	0.0000	0.0498
[4,91,109,296]	[0.0528  0.0528  0.0157  0.0208]	-25.8671	0.0000	0.0480
[4,91,111,296]	[0.0540  0.0518  -0.0410  0.0229]	-22.9160	0.0000	0.0459
[4,91,113,296]	[0.0495  0.0545  -0.0065  0.0208]	-24.6780	0.0000	0.0322
[4,91,115,296]	[0.0496  0.0541  0.0038  0.0206]	-24.7165	0.0000	0.0339
[4,91,120,296]	[0.0479  0.0562  -0.0044  0.0209]	-24.8618	0.0000	0.0485
[4,91,126,296]	[0.0579  0.0543  0.0333  0.0203]	-26.4438	0.0000	0.0458
[4,91,127,296]	[0.0539  0.0602  -0.0237  0.0228]	-25.8957	0.0000	0.0500
[4,91,129,296]	[0.0500  0.0543  0.0320  0.0202]	-24.8752	0.0000	0.0363
[4,91,134,204]	[0.0592  0.0625  -0.0071  0.0555]	-29.3071	0.0000	0.0497
[4,91,134,296]	[0.0474  0.0540  0.0323  0.0226]	-26.0440	0.0000	0.0351
[4,91,135,204]	[0.0525  0.0642  0.0218  0.0567]	-30.5785	0.0000	0.0449
[4,91,138,296]	[0.0480  0.0544  -0.0099  0.0212]	-24.2796	0.0000	0.0418
[4,91,140,296]	[0.0435  0.0708  0.0361  0.0291]	-32.8609	0.0000	0.0432
[4,91,141,296]	[0.0502  0.0542  0.0093  0.0205]	-24.7937	0.0000	0.0319
[4,91,152,296]	[0.0473  0.0546  -0.0237  0.0213]	-23.5056	0.0000	0.0392
[4,91,168,296]	[0.0500  0.0544  0.0017  0.0207]	-24.8388	0.0000	0.0336
[4,91,169,296]	[0.0542  0.0519  -0.0328  0.0204]	-23.6893	0.0000	0.0383
[4,91,172,296]	[0.0478  0.0612  0.0330  0.0212]	-30.3486	0.0000	0.0451
[4,91,173,296]	[0.0523  0.0526  0.0110  0.0209]	-24.8349	0.0000	0.0349
[4,91,177,296]	[0.0510  0.0542  0.0094  0.0210]	-25.6097	0.0000	0.0438
[4,91,180,296]	[0.0494  0.0546  -0.0026  0.0207]	-24.7285	0.0000	0.0452
[4,91,181,296]	[0.0496  0.0545  -0.0065  0.0208]	-24.5365	0.0000	0.0388
[4,91,188,296]	[0.0493  0.0555  0.0050  0.0209]	-25.2998	0.0000	0.0479
[4,91,189,296]	[0.0455  0.0533  -0.0321  0.0230]	-22.9124	0.0000	0.0391
[4,91,191,296]	[0.0482  0.0569  -0.0121  0.0210]	-24.8531	0.0000	0.0483
[4,91,192,296]	[0.0499  0.0546  -0.0101  0.0211]	-24.8764	0.0000	0.0367
[4,91,193,296]	[0.0461  0.0581  -0.0277  0.0207]	-24.6827	0.0000	0.0382
[4,91,195,296]	[0.0490  0.0566  -0.0167  0.0204]	-24.3892	0.0000	0.0345
[4,91,196,296]	[0.0478  0.0561  -0.0253  0.0207]	-24.3873	0.0000	0.0415
[4,91,203,296]	[0.0491  0.0557  -0.0105  0.0208]	-24.5706	0.0000	0.0399
[4,91,204,230]	[0.0580  0.0626  0.0558  0.0036]	-29.6405	0.0000	0.0489
[4,91,204,243]	[0.0580  0.0622  0.0559  0.0017]	-29.4763	0.0000	0.0478
[4,91,204,286]	[0.0549  0.0594  0.0567  -0.0242]	-27.7383	0.0000	0.0462
[4,91,204,291]	[0.0583  0.0620  0.0558  -0.0004]	-29.3622	0.0000	0.0467
[4,91,204,294]	[0.0590  0.0617  0.0563  -0.0024]	-29.2968	0.0000	0.0485
[4,91,204,299]	[0.0586  0.0638  0.0557  -0.0083]	-29.5759	0.0000	0.0499
[4,91,204,316]	[0.0584  0.0607  0.0555  -0.0212]	-28.5468	0.0000	0.0468
[4,91,204,323]	[0.0563  0.0617  0.0561  -0.0125]	-28.8838	0.0000	0.0479
[4,91,204,339]	[0.0584  0.0620  0.0558  -0.0012]	-29.3443	0.0000	0.0496
[4,91,204,426]	[0.0596  0.0617  0.0563  0.0088]	-29.6003	0.0000	0.0472
[4,91,215,296]	[0.0510  0.0550  0.0127  0.0209]	-25.8104	0.0000	0.0498
[4,91,219,296]	[0.0378  0.0606  -0.0354  0.0206]	-23.7107	0.0000	0.0374
[4,91,220,296]	[0.0528  0.0547  -0.0126  0.0209]	-24.4119	0.0000	0.0459
[4,91,225,296]	[0.0483  0.0548  0.0293  0.0214]	-25.6144	0.0000	0.0430
[4,91,226,296]	[0.0549  0.0588  -0.0359  0.0220]	-26.1905	0.0000	0.0481
[4,91,227,296]	[0.0503  0.0618  -0.0242  0.0217]	-26.1083	0.0000	0.0451
[4,91,230,296]	[0.0546  0.0492  -0.0427  0.0217]	-22.2669	0.0000	0.0490
[4,91,231,296]	[0.0525  0.0567  0.0199  0.0204]	-26.4355	0.0000	0.0468
[4,91,234,296]	[0.0493  0.0542  -0.0232  0.0238]	-23.8958	0.0000	0.0458
[4,91,236,296]	[0.0531  0.0539  -0.0370  0.0202]	-22.6632	0.0000	0.0490
[4,91,239,296]	[0.0497  0.0543  0.0015  0.0207]	-24.7597	0.0000	0.0307
[4,91,240,296]	[0.0323  0.0636  0.0335  0.0256]	-30.1733	0.0000	0.0466
[4,91,244,296]	[0.0496  0.0569  0.0287  0.0201]	-26.2462	0.0000	0.0416
[4,91,245,296]	[0.0405  0.0542  0.0246  0.0203]	-24.8573	0.0000	0.0405
[4,91,248,296]	[0.0489  0.0544  -0.0170  0.0212]	-24.2169	0.0000	0.0454
[4,91,253,296]	[0.0502  0.0541  0.0101  0.0208]	-25.0532	0.0000	0.0344
[4,91,259,296]	[0.0458  0.0587  0.0202  0.0225]	-27.0566	0.0000	0.0492
[4,91,261,296]	[0.0606  0.0571  0.0454  0.0186]	-31.7897	0.0000	0.0466
[4,91,262,296]	[0.0496  0.0540  0.0097  0.0213]	-25.4145	0.0000	0.0459
[4,91,278,296]	[0.0499  0.0543  -0.0088  0.0205]	-24.2617	0.0000	0.0445
[4,91,279,296]	[0.0488  0.0535  -0.0086  0.0211]	-24.3555	0.0000	0.0304
[4,91,280,296]	[0.0491  0.0558  0.0136  0.0210]	-25.5700	0.0000	0.0387
[4,91,285,296]	[0.0490  0.0552  0.0070  0.0205]	-25.1032	0.0000	0.0353
[4,91,288,296]	[0.0504  0.0557  -0.0145  0.0208]	-25.1142	0.0000	0.0338
[4,91,291,296]	[0.0503  0.0573  0.0457  0.0214]	-26.8983	0.0000	0.0437
[4,91,296,299]	[0.0513  0.0494  0.0226  0.0364]	-25.3282	0.0000	0.0411
[4,91,296,303]	[0.0510  0.0574  0.0214  -0.0349]	-24.4648	0.0000	0.0435
[4,91,296,306]	[0.0496  0.0543  0.0207  0.0003]	-24.7606	0.0000	0.0333
[4,91,296,308]	[0.0518  0.0586  0.0225  -0.0248]	-26.1481	0.0000	0.0443
[4,91,296,310]	[0.0479  0.0601  0.0215  -0.0171]	-25.3145	0.0000	0.0473
[4,91,296,316]	[0.0497  0.0535  0.0206  -0.0140]	-24.1975	0.0000	0.0322
[4,91,296,327]	[0.0490  0.0538  0.0210  -0.0084]	-23.9068	0.0000	0.0393
[4,91,296,329]	[0.0529  0.0574  0.0223  -0.0089]	-25.6869	0.0000	0.0479
[4,91,296,334]	[0.0495  0.0545  0.0207  -0.0052]	-24.6697	0.0000	0.0366
[4,91,296,336]	[0.0512  0.0539  0.0211  -0.0140]	-24.3641	0.0000	0.0398
[4,91,296,339]	[0.0490  0.0546  0.0207  0.0063]	-24.9369	0.0000	0.0332
[4,91,296,341]	[0.0443  0.0543  0.0201  -0.0199]	-23.3732	0.0000	0.0343
[4,91,296,342]	[0.0495  0.0542  0.0207  0.0048]	-24.9411	0.0000	0.0416
[4,91,296,345]	[0.0476  0.0542  0.0211  -0.0246]	-24.0919	0.0000	0.0365
[4,91,296,349]	[0.0496  0.0547  0.0208  -0.0010]	-24.7783	0.0000	0.0330
[4,91,296,350]	[0.0478  0.0545  0.0208  0.0074]	-24.9465	0.0000	0.0356
[4,91,296,353]	[0.0482  0.0531  0.0207  0.0353]	-24.7054	0.0000	0.0366
[4,91,296,354]	[0.0526  0.0653  0.0240  -0.0295]	-28.2241	0.0000	0.0465
[4,91,296,358]	[0.0438  0.0580  0.0220  0.0404]	-27.7429	0.0000	0.0472
[4,91,296,360]	[0.0476  0.0539  0.0209  0.0047]	-24.9385	0.0000	0.0484
[4,91,296,363]	[0.0371  0.0654  0.0241  0.0307]	-29.4730	0.0000	0.0480
[4,91,296,364]	[0.0542  0.0526  0.0215  -0.0153]	-23.4968	0.0000	0.0438
[4,91,296,365]	[0.0477  0.0542  0.0206  -0.0134]	-24.1060	0.0000	0.0375
[4,91,296,370]	[0.0584  0.0488  0.0218  0.0372]	-24.8524	0.0000	0.0459
[4,91,296,374]	[0.0512  0.0657  0.0250  -0.0618]	-27.6451	0.0000	0.0446
[4,91,296,378]	[0.0512  0.0592  0.0232  -0.0272]	-26.5171	0.0000	0.0457
[4,91,296,384]	[0.0484  0.0603  0.0227  -0.0210]	-26.4043	0.0000	0.0450
[4,91,296,385]	[0.0407  0.0690  0.0269  -0.0643]	-27.0000	0.0000	0.0482
[4,91,296,391]	[0.0583  0.0550  0.0256  0.0687]	-29.6304	0.0000	0.0483
[4,91,296,393]	[0.0540  0.0534  0.0214  0.0194]	-26.1614	0.0000	0.0486
[4,91,296,394]	[0.0482  0.0555  0.0206  -0.0334]	-24.1549	0.0000	0.0480
[4,91,296,403]	[0.0525  0.0626  0.0252  -0.0397]	-26.1978	0.0000	0.0457
[4,91,296,404]	[0.0514  0.0554  0.0203  0.0177]	-25.3931	0.0000	0.0401
[4,91,296,405]	[0.0487  0.0557  0.0211  0.0076]	-25.5786	0.0000	0.0443
[4,91,296,409]	[0.0496  0.0544  0.0207  0.0001]	-24.7695	0.0000	0.0394
[4,91,296,411]	[0.0473  0.0555  0.0214  -0.0184]	-24.6186	0.0000	0.0350
[4,91,296,415]	[0.0487  0.0544  0.0206  0.0027]	-24.7315	0.0000	0.0410
[4,91,296,417]	[0.0492  0.0548  0.0211  -0.0058]	-24.6208	0.0000	0.0402
[4,91,296,419]	[0.0494  0.0585  0.0212  -0.0248]	-25.3214	0.0000	0.0403
[4,91,296,424]	[0.0468  0.0555  0.0205  0.0336]	-25.1536	0.0000	0.0375
[4,91,296,426]	[0.0509  0.0540  0.0209  0.0085]	-24.9729	0.0000	0.0344
[4,91,296,428]	[0.0540  0.0535  0.0209  0.0195]	-25.8338	0.0000	0.0487
[4,91,296,432]	[0.0489  0.0568  0.0216  -0.0174]	-24.7309	0.0000	0.0419
[4,91,296,441]	[0.0495  0.0544  0.0207  -0.0057]	-24.4649	0.0000	0.0368
[4,91,296,449]	[0.0553  0.0455  0.0192  0.0230]	-28.2284	0.0000	0.0445
[4,91,296,454]	[0.0501  0.0547  0.0201  0.0220]	-25.3823	0.0000	0.0381
[4,91,296,459]	[0.0500  0.0566  0.0217  0.0241]	-27.5679	0.0000	0.0479
[4,91,296,460]	[0.0574  0.0443  0.0217  0.0447]	-24.6126	0.0000	0.0398
[4,91,296,462]	[0.0516  0.0547  0.0207  -0.0215]	-24.0914	0.0000	0.0435
[4,91,296,463]	[0.0511  0.0533  0.0207  -0.0063]	-24.2486	0.0000	0.0498
[4,329,449,456]	[0.0535  0.0764  0.0459  0.0470]	-24.0518	0.0000	0.0490
[6,48,200,329]	[0.0405  0.0745  0.0346  0.0519]	-13.6274	0.0000	0.0494
[6,48,329,388]	[0.0732  0.0996  0.1433  0.1267]	-29.0900	0.0000	0.0476
[8,10,48,329]	[0.0475  -0.0270  0.0482  0.0606]	-11.9372	0.0000	0.0446
[8,19,48,329]	[0.0368  0.0480  0.0620  0.0623]	-15.2725	0.0667	0.0498
[8,21,48,329]	[0.0445  -0.0328  0.0547  0.0624]	-12.2620	0.0000	0.0484
[8,34,48,329]	[0.0480  0.0005  0.0490  0.0600]	-12.4048	0.0000	0.0480
[8,42,48,329]	[0.0483  0.0403  0.0523  0.0650]	-14.9273	0.0000	0.0449
[8,46,48,329]	[0.0474  -0.0281  0.0510  0.0640]	-11.2284	0.0000	0.0468
[8,48,52,329]	[0.0427  0.0559  -0.0450  0.0606]	-12.0292	0.0000	0.0488
[8,48,64,329]	[0.0462  0.0470  -0.0155  0.0618]	-11.7426	0.0000	0.0462
[8,48,70,329]	[0.0359  0.0604  0.0718  0.0602]	-14.3926	0.0000	0.0446
[8,48,76,329]	[0.0504  0.0487  0.0219  0.0636]	-13.5746	0.0000	0.0499
[8,48,89,329]	[0.0414  0.0579  0.0450  0.0615]	-13.8548	0.0000	0.0481
[8,48,109,329]	[0.0451  0.0525  0.0136  0.0573]	-13.5726	0.0000	0.0467
[8,48,110,329]	[0.0484  0.0484  0.0091  0.0606]	-12.5200	0.0000	0.0465
[8,48,113,329]	[0.0513  0.0477  0.0238  0.0604]	-12.9578	0.0000	0.0488
[8,48,153,329]	[0.0472  0.0493  0.0040  0.0599]	-12.4090	0.0000	0.0461
[8,48,156,366]	[0.0631  0.0913  0.1382  0.0403]	-31.2091	0.0000	0.0403
[8,48,175,329]	[0.0472  0.0621  -0.0706  0.0663]	-12.7214	0.0000	0.0473
[8,48,180,329]	[0.0517  0.0494  -0.0187  0.0619]	-12.2769	0.0000	0.0480
[8,48,185,329]	[0.0495  0.0484  -0.0093  0.0594]	-11.9911	0.0000	0.0485
[8,48,191,329]	[0.0488  0.0531  0.0211  0.0593]	-13.9188	0.0000	0.0498
[8,48,194,329]	[0.0531  0.0445  0.0243  0.0648]	-13.5024	0.0000	0.0477
[8,48,208,329]	[0.0430  0.0508  0.0138  0.0608]	-12.6732	0.0000	0.0463
[8,48,215,329]	[0.0515  0.0521  0.0243  0.0628]	-14.5432	0.0000	0.0485
[8,48,217,329]	[0.0363  0.0497  0.0510  0.0541]	-12.9444	0.0000	0.0433
[8,48,231,329]	[0.0526  0.0502  -0.0280  0.0656]	-11.9951	0.0000	0.0477
[8,48,232,329]	[0.0399  0.0549  0.0195  0.0583]	-13.0197	0.0667	0.0472
[8,48,243,329]	[0.0459  0.0503  -0.0062  0.0591]	-12.1662	0.0000	0.0471
[8,48,246,329]	[0.0485  0.0499  0.0110  0.0595]	-12.6991	0.0000	0.0444
[8,48,248,329]	[0.0422  0.0581  -0.0327  0.0665]	-12.3532	0.0000	0.0463
[8,48,263,329]	[0.0518  0.0466  -0.0270  0.0593]	-11.5520	0.0000	0.0447
[8,48,280,329]	[0.0480  0.0488  -0.0012  0.0601]	-12.3437	0.0000	0.0462
[8,48,288,329]	[0.0485  0.0488  0.0083  0.0589]	-12.3969	0.0000	0.0475
[8,48,291,329]	[0.0585  0.0467  0.0449  0.0625]	-13.9644	0.0000	0.0470
[8,48,298,329]	[0.0512  0.0465  -0.0090  0.0607]	-12.1186	0.0000	0.0464
[8,48,315,329]	[0.0385  0.0558  0.0365  0.0574]	-14.7620	0.0000	0.0434
[8,48,316,329]	[0.0417  0.0527  -0.0787  0.0620]	-11.0536	0.0000	0.0495
[8,48,327,329]	[0.0550  0.0862  -0.1156  0.1034]	-10.2855	0.0000	0.0484
[8,48,329,339]	[0.0498  0.0503  0.0617  0.0357]	-13.5353	0.0000	0.0492
[8,48,329,341]	[0.0489  0.0463  0.0599  -0.0074]	-11.8277	0.0000	0.0466
[8,48,329,342]	[0.0328  0.0509  0.0650  0.0257]	-13.3743	0.0000	0.0456
[8,48,329,344]	[0.0484  0.0510  0.0608  -0.0263]	-12.0803	0.0000	0.0467
[8,48,329,353]	[0.0455  0.0487  0.0595  0.0228]	-12.4682	0.0000	0.0451
[8,48,329,358]	[0.0561  0.0428  0.0616  0.0186]	-13.2069	0.0000	0.0491
[8,48,329,359]	[0.0510  0.0485  0.0597  -0.0174]	-12.1956	0.0000	0.0480
[8,48,329,388]	[0.0142  0.0765  0.1194  0.1043]	-21.9689	0.0000	0.0443
[8,48,329,391]	[0.0617  0.0500  0.0690  0.0568]	-16.2244	0.0000	0.0434
[8,48,329,392]	[0.0449  0.0512  0.0612  -0.0164]	-12.2458	0.0000	0.0485
[8,48,329,393]	[0.0325  0.0593  0.0616  0.0293]	-14.5856	0.0000	0.0471
[8,48,329,408]	[0.0511  0.0470  0.0677  -0.0402]	-11.7414	0.0000	0.0497
[8,48,329,414]	[0.0449  0.0516  0.0595  0.0177]	-12.6781	0.0000	0.0494
[8,48,329,415]	[0.0469  0.0495  0.0619  -0.0050]	-12.3856	0.0000	0.0490
[8,48,329,421]	[0.0556  0.0469  0.0642  -0.0367]	-11.5287	0.0000	0.0417
[8,48,329,422]	[0.0352  0.0589  0.0602  0.0462]	-13.6413	0.0667	0.0497
[8,48,329,426]	[0.0519  0.0494  0.0580  -0.0236]	-12.0844	0.0000	0.0462
[8,48,329,429]	[0.0483  0.0483  0.0605  -0.0058]	-12.2642	0.0000	0.0494
[8,48,329,441]	[0.0468  0.0503  0.0628  0.0248]	-13.9250	0.0000	0.0461
[8,48,329,443]	[0.0416  0.0534  0.0600  -0.0274]	-10.9238	0.0000	0.0470
[8,48,366,449]	[0.0538  0.0556  0.0230  0.0621]	-29.5889	0.0000	0.0442
[8,194,217,329]	[0.0646  0.0385  0.0482  0.0621]	-10.9908	0.0000	0.0435
[8,194,230,329]	[0.0732  0.0367  -0.0730  0.0766]	-8.2127	0.0000	0.0498
[8,217,329,365]	[0.1768  0.0218  0.0989  -0.2235]	-10.7021	0.0000	0.0500
[8,329,365,424]	[0.1826  0.1017  -0.2252  0.0007]	-10.5208	0.0000	0.0492
[8,366,449,456]	[0.0276  0.0325  0.0979  0.0456]	-35.6152	0.0000	0.0471
[10,13,48,329]	[-0.0333  0.0229  0.0632  0.0469]	-10.1570	0.0000	0.0377
[10,33,48,329]	[-0.0298  0.0142  0.0617  0.0458]	-9.8955	0.0000	0.0377
[10,36,377,449]	[-0.0353  0.0322  0.0985  0.0818]	-24.6277	0.0000	0.0443
[10,38,48,329]	[-0.0094  0.0376  0.0741  0.0552]	-14.7514	0.0000	0.0463
[10,48,64,329]	[-0.0152  0.0610  -0.0196  0.0491]	-9.4167	0.0000	0.0320
[10,48,69,329]	[-0.0134  0.0663  0.0143  0.0451]	-11.4417	0.0000	0.0419
[10,48,70,329]	[-0.0338  0.0730  0.0903  0.0515]	-13.0032	0.0000	0.0476
[10,48,74,329]	[-0.0263  0.0613  0.0239  0.0431]	-10.1630	0.0000	0.0470
[10,48,96,329]	[-0.0327  0.0691  -0.0210  0.0452]	-9.9365	0.0000	0.0465
[10,48,107,329]	[-0.0284  0.0651  -0.0088  0.0467]	-9.6919	0.0000	0.0449
[10,48,113,329]	[-0.0344  0.0634  0.0126  0.0464]	-10.0594	0.0000	0.0442
[10,48,126,329]	[-0.0188  0.0658  0.0234  0.0467]	-11.1621	0.0000	0.0494
[10,48,129,329]	[-0.0243  0.0696  -0.0526  0.0497]	-10.4435	0.0000	0.0497
[10,48,140,329]	[-0.0080  0.0941  0.0379  0.0757]	-17.3105	0.0000	0.0453
[10,48,141,329]	[-0.0290  0.0643  0.0105  0.0453]	-10.0204	0.0000	0.0399
[10,48,142,329]	[-0.0164  0.0658  -0.0232  0.0452]	-9.7646	0.0000	0.0405
[10,48,153,329]	[-0.0201  0.0659  0.0447  0.0474]	-10.6766	0.0000	0.0473
[10,48,156,366]	[-0.0128  0.1033  0.1267  0.0328]	-26.5397	0.0000	0.0442
[10,48,176,329]	[-0.0267  0.0624  -0.0126  0.0497]	-9.8586	0.0000	0.0404
[10,48,200,329]	[-0.0266  0.0669  0.0640  0.0443]	-10.4921	0.0000	0.0417
[10,48,217,329]	[-0.0228  0.0591  0.0806  0.0425]	-11.6706	0.0000	0.0445
[10,48,245,449]	[-0.0312  0.0557  0.0854  0.0449]	-20.8131	0.0000	0.0475
[10,48,246,329]	[-0.0374  0.0654  0.0181  0.0457]	-10.2591	0.0000	0.0480
[10,48,258,329]	[-0.0312  0.0633  -0.0033  0.0468]	-9.7813	0.0000	0.0459
[10,48,285,329]	[-0.0313  0.0635  -0.0030  0.0467]	-9.7871	0.0000	0.0468
[10,48,288,329]	[-0.0299  0.0636  -0.0003  0.0467]	-9.9023	0.0000	0.0392
[10,48,291,329]	[-0.0320  0.0634  -0.0052  0.0467]	-9.7360	0.0000	0.0474
[10,48,315,329]	[-0.0473  0.0687  0.0531  0.0472]	-13.6608	0.0000	0.0446
[10,48,327,329]	[-0.0587  0.1029  -0.1172  0.0892]	-7.0188	0.0000	0.0473
[10,48,329,339]	[-0.0246  0.0650  0.0472  0.0209]	-10.6158	0.0000	0.0425
[10,48,329,341]	[-0.0300  0.0636  0.0466  -0.0001]	-9.8888	0.0000	0.0465
[10,48,329,346]	[0.0032  0.0719  0.0449  0.0529]	-12.3686	0.0000	0.0486
[10,48,329,359]	[-0.0303  0.0637  0.0465  -0.0012]	-9.8742	0.0000	0.0455
[10,48,329,370]	[-0.0292  0.0637  0.0464  0.0098]	-10.1157	0.0000	0.0399
[10,48,329,