gene index	a_n	m	resub	bresub
[0]	[-0.0000]	0.2096	0.4667	0.4667
[1]	[0.0429]	-0.9809	0.2667	0.2741
[2]	[-0.0048]	1.3478	0.3333	0.3245
[3]	[-0.0032]	0.2454	0.4667	0.4586
[4]	[0.0054]	-0.5954	0.4000	0.4530
[5]	[-0.0026]	0.9240	0.3333	0.3624
[6]	[-0.0080]	0.3894	0.4667	0.4678
[7]	[0.0006]	0.0541	0.4667	0.4793
[8]	[0.0137]	-0.8032	0.2667	0.3411
[9]	[0.0000]	0.1259	0.4667	0.4667
[10]	[-0.0452]	1.0596	0.2667	0.2856
[11]	[0.0012]	-0.0363	0.4667	0.4401
[12]	[0.0062]	-0.6159	0.4000	0.3949
[13]	[-0.0111]	0.4251	0.4667	0.4439
[14]	[-0.0113]	0.4887	0.5333	0.4454
[15]	[0.0195]	-0.1886	0.4667	0.4686
[16]	[0.0283]	-0.3004	0.4667	0.4696
[17]	[0.0046]	-0.0910	0.5333	0.5591
[18]	[0.0001]	-0.0354	0.4000	0.4312
[19]	[0.0093]	-0.3806	0.4667	0.4247
[20]	[-0.0060]	0.5177	0.4667	0.4064
[21]	[0.0104]	-0.1792	0.5333	0.5180
[22]	[-0.0136]	0.4581	0.4667	0.4637
[23]	[-0.0639]	0.5304	0.3333	0.3170
[24]	[0.0016]	0.0197	0.4667	0.4741
[25]	[0.0082]	-1.5679	0.4000	0.4310
[26]	[-0.0070]	1.0812	0.4000	0.4283
[27]	[-0.0037]	0.6196	0.5333	0.4259
[28]	[0.0031]	-0.2479	0.4667	0.4703
[29]	[-0.0257]	1.1544	0.2000	0.2702
[30]	[0.0364]	-1.3063	0.1333	0.2251
[31]	[0.0011]	0.0556	0.4667	0.4672
[32]	[-0.0005]	0.2715	0.5333	0.5038
[33]	[-0.0007]	0.1605	0.4667	0.4667
[34]	[-0.0182]	0.6405	0.4000	0.4257
[35]	[0.0168]	-2.1555	0.4000	0.3618
[36]	[-0.0146]	0.6797	0.4000	0.3982
[37]	[-0.0141]	1.1842	0.2667	0.2747
[38]	[-0.0051]	0.6875	0.4000	0.4287
[39]	[0.0083]	-1.1976	0.2000	0.3078
[40]	[0.0205]	-0.5578	0.3333	0.3630
[41]	[-0.0353]	1.3654	0.2667	0.2481
[42]	[0.0094]	-0.5304	0.4000	0.4073
[43]	[-0.0068]	0.3097	0.4000	0.4394
[44]	[-0.0017]	0.4641	0.4000	0.4257
[45]	[0.0548]	-1.6387	0.4000	0.3458
[46]	[0.0057]	-0.1912	0.4667	0.4329
[47]	[-0.0048]	0.9842	0.4000	0.4279
[48]	[-0.0126]	1.2516	0.2667	0.3609
[49]	[-0.0143]	1.7866	0.4667	0.4162
[50]	[-0.0061]	0.3758	0.4000	0.3186
[51]	[0.0141]	-0.2332	0.4667	0.4310
[52]	[-0.0251]	0.7984	0.2000	0.2971
[53]	[-0.0074]	0.6616	0.4667	0.4060
[54]	[0.0082]	-0.9105	0.4000	0.4189
[55]	[-0.0028]	0.2353	0.5333	0.5185
[56]	[0.0268]	-0.7062	0.4000	0.4065
[57]	[0.0145]	-0.1768	0.5333	0.4847
[58]	[0.0154]	-0.4986	0.3333	0.3294
[59]	[-0.0004]	0.1502	0.4667	0.4667
[60]	[-0.0134]	3.2375	0.2000	0.2593
[61]	[-0.0007]	0.6894	0.4000	0.3936
[62]	[-0.0408]	1.0659	0.3333	0.3084
[63]	[-0.0025]	0.5438	0.4000	0.3948
[64]	[-0.0177]	0.7326	0.3333	0.3751
[65]	[0.0986]	-1.3709	0.2000	0.2667
[66]	[-0.0029]	0.2293	0.4000	0.4109
[67]	[0.0341]	-0.5645	0.4000	0.3745
[68]	[-0.0139]	0.5254	0.3333	0.3883
[69]	[0.0129]	-0.6387	0.4000	0.4089
[70]	[0.0071]	-0.1197	0.5333	0.5348
[71]	[-0.0065]	0.5135	0.4000	0.3698
[72]	[0.0028]	-0.1366	0.5333	0.5178
[73]	[-0.0025]	0.2085	0.4000	0.4198
[74]	[0.0294]	-0.8983	0.4000	0.3313
[75]	[-0.0047]	0.4372	0.4000	0.4219
[76]	[-0.0073]	0.3803	0.4000	0.4477
[77]	[-0.0083]	0.5768	0.4000	0.3988
[78]	[0.0195]	-1.2164	0.2667	0.3245
[79]	[0.0140]	-0.2079	0.4000	0.4004
[80]	[0.0012]	0.0926	0.4667	0.4667
[81]	[-0.0040]	0.3811	0.4000	0.4051
[82]	[-0.0123]	0.6482	0.4667	0.4632
[83]	[0.0038]	-1.7229	0.3333	0.3574
[84]	[-0.0060]	0.3860	0.4000	0.4093
[85]	[-0.0054]	0.4694	0.4667	0.4471
[86]	[0.0243]	-0.9045	0.3333	0.3931
[87]	[0.0018]	0.0022	0.4667	0.5811
[88]	[-0.0042]	0.6208	0.4000	0.3753
[89]	[0.0199]	-0.5128	0.3333	0.3499
[90]	[-0.0433]	0.8946	0.3333	0.3316
[91]	[-0.0009]	0.3550	0.4667	0.4758
[92]	[-0.0247]	0.6113	0.3333	0.3384
[93]	[0.0086]	-0.2128	0.3333	0.3274
[94]	[-0.0108]	0.5385	0.4000	0.4034
[95]	[0.0034]	-0.4932	0.3333	0.4203
[96]	[-0.0511]	1.0800	0.3333	0.3307
[97]	[-0.0058]	1.4836	0.3333	0.3151
[98]	[-0.0058]	0.9069	0.3333	0.3694
[99]	[0.0004]	0.1026	0.4667	0.4667
[100]	[-0.0008]	0.5290	0.4000	0.4102
[101]	[0.0244]	-0.7818	0.2667	0.3090
[102]	[0.0024]	0.0258	0.4667	0.4633
[103]	[0.0004]	0.1108	0.4667	0.4667
[104]	[0.0436]	-1.0373	0.3333	0.3289
[105]	[-0.0039]	0.7660	0.4000	0.3733
[106]	[-0.0014]	0.2754	0.4667	0.4225
[107]	[0.0307]	-1.1847	0.4667	0.4563
[108]	[0.0087]	-0.4341	0.4667	0.4817
[109]	[-0.0081]	0.9329	0.3333	0.3549
[110]	[-0.0601]	1.6712	0.2667	0.2878
[111]	[0.0024]	-0.0099	0.5333	0.5444
[112]	[-0.0005]	1.9138	0.2667	0.2847
[113]	[0.0032]	0.0817	0.4667	0.4629
[114]	[0.0080]	-0.4725	0.4000	0.4108
[115]	[0.0047]	-0.1265	0.4000	0.4113
[116]	[-0.0081]	0.3811	0.4000	0.3260
[117]	[-0.0039]	0.6724	0.4000	0.3477
[118]	[-0.0000]	0.1634	0.4667	0.4684
[119]	[0.0168]	-0.8801	0.3333	0.3071
[120]	[-0.0240]	2.1802	0.2667	0.3102
[121]	[-0.0038]	0.6599	0.4000	0.3760
[122]	[0.0001]	0.1312	0.4667	0.4667
[123]	[-0.0125]	0.6078	0.4000	0.3719
[124]	[-0.0009]	0.2780	0.4000	0.4124
[125]	[-0.0004]	0.1629	0.4667	0.4667
[126]	[-0.0036]	0.3154	0.4000	0.4549
[127]	[-0.0011]	0.2426	0.5333	0.5018
[128]	[-0.0002]	0.1501	0.4667	0.4667
[129]	[0.0022]	0.0998	0.4667	0.4665
[130]	[-0.0040]	1.5503	0.3333	0.3608
[131]	[-0.0006]	0.4742	0.4667	0.4270
[132]	[-0.0013]	0.4810	0.4000	0.4015
[133]	[0.0216]	-0.8662	0.2667	0.3089
[134]	[-0.0199]	0.6526	0.4000	0.4014
[135]	[0.0095]	-0.2044	0.4667	0.5108
[136]	[0.0009]	-0.0570	0.4667	0.5001
[137]	[0.0006]	-0.0148	0.5333	0.4632
[138]	[0.0037]	-0.0421	0.4667	0.4531
[139]	[-0.0013]	0.2861	0.4667	0.4647
[140]	[-0.0054]	0.3952	0.4000	0.3230
[141]	[0.0391]	-0.3532	0.4000	0.3833
[142]	[-0.0236]	0.9640	0.3333	0.3363
[143]	[-0.0034]	0.9000	0.4667	0.4316
[144]	[-0.0032]	0.9788	0.2667	0.3526
[145]	[-0.0176]	1.7099	0.2667	0.3159
[146]	[-0.0017]	0.1831	0.4667	0.4678
[147]	[-0.0095]	1.5465	0.2000	0.2930
[148]	[-0.0087]	0.3242	0.4667	0.4546
[149]	[-0.0015]	0.2466	0.4000	0.3774
[150]	[0.0093]	-1.2533	0.4000	0.3736
[151]	[-0.0007]	0.1793	0.4667	0.4667
[152]	[-0.0326]	0.9294	0.4667	0.4167
[153]	[-0.0490]	0.5732	0.4000	0.3800
[154]	[0.0072]	-0.8771	0.2667	0.3656
[155]	[0.0126]	-0.2990	0.4000	0.4427
[156]	[-0.0044]	0.6488	0.4667	0.4784
[157]	[0.0007]	0.0707	0.4667	0.4672
[158]	[-0.0155]	0.8242	0.2667	0.3502
[159]	[-0.0005]	0.2496	0.4667	0.4267
[160]	[-0.0081]	1.5257	0.4000	0.3366
[161]	[-0.0064]	0.3768	0.4667	0.4348
[162]	[-0.0021]	0.3345	0.4000	0.4626
[163]	[-0.0112]	0.8454	0.4000	0.4196
[164]	[0.0166]	-0.7118	0.4000	0.4288
[165]	[-0.0008]	0.7752	0.4667	0.4153
[166]	[-0.0040]	0.3877	0.4000	0.3780
[167]	[-0.0034]	0.7562	0.3333	0.4119
[168]	[-0.0746]	1.3051	0.2667	0.3053
[169]	[0.0059]	-0.0087	0.4000	0.4796
[170]	[-0.0008]	0.4263	0.4667	0.4323
[171]	[-0.0015]	0.6344	0.3333	0.3857
[172]	[0.0037]	-0.3949	0.3333	0.3671
[173]	[0.0120]	-0.6367	0.4667	0.3988
[174]	[-0.0128]	1.3656	0.3333	0.3107
[175]	[0.0296]	-0.3686	0.3333	0.3372
[176]	[0.0148]	-0.1789	0.4000	0.3613
[177]	[-0.0088]	0.4355	0.4667	0.4466
[178]	[-0.0037]	0.4227	0.4000	0.3851
[179]	[-0.0002]	0.1498	0.4667	0.4667
[180]	[-0.0290]	1.3199	0.4000	0.3349
[181]	[0.0210]	-0.4538	0.4000	0.4093
[182]	[-0.0040]	1.9203	0.3333	0.3660
[183]	[-0.0123]	1.9304	0.2667	0.3139
[184]	[0.0142]	-0.2700	0.4667	0.4542
[185]	[-0.0028]	0.2430	0.4667	0.4709
[186]	[-0.0115]	0.9827	0.3333	0.3660
[187]	[0.0000]	0.1334	0.4667	0.4667
[188]	[0.0092]	-0.2288	0.3333	0.3792
[189]	[-0.0305]	1.9299	0.2667	0.3388
[190]	[0.0245]	-0.3431	0.4000	0.3879
[191]	[0.0238]	-2.0427	0.3333	0.3355
[192]	[0.0224]	-0.1384	0.4667	0.4441
[193]	[0.0373]	-0.9071	0.4000	0.3729
[194]	[-0.0272]	0.7729	0.2667	0.2917
[195]	[-0.0083]	0.4928	0.4000	0.4326
[196]	[-0.0251]	0.8236	0.4667	0.4435
[197]	[0.0091]	-0.4072	0.4667	0.4253
[198]	[0.0010]	0.0271	0.4667	0.4701
[199]	[-0.0072]	0.4639	0.5333	0.4774
[200]	[-0.0200]	0.2701	0.4000	0.4208
[201]	[-0.0018]	0.6866	0.4667	0.4693
[202]	[-0.0129]	0.9929	0.3333	0.3226
[203]	[-0.0130]	0.7375	0.3333	0.3826
[204]	[-0.0032]	0.7270	0.5333	0.4115
[205]	[-0.1425]	0.4809	0.3333	0.2844
[206]	[-0.0009]	0.1588	0.4667	0.4668
[207]	[-0.0109]	0.7889	0.4000	0.3996
[208]	[0.0100]	-0.1523	0.4667	0.4385
[209]	[-0.0044]	1.6323	0.4000	0.3687
[210]	[-0.0334]	2.3532	0.4000	0.3099
[211]	[0.0169]	-0.5961	0.3333	0.3862
[212]	[0.0018]	-0.7423	0.4000	0.3611
[213]	[0.0004]	0.0146	0.4667	0.5334
[214]	[0.0021]	0.0883	0.4667	0.4667
[215]	[-0.0101]	0.3907	0.4000	0.4251
[216]	[-0.0072]	0.4918	0.3333	0.3721
[217]	[0.0068]	-0.2924	0.4667	0.4739
[218]	[0.0032]	-0.1120	0.4000	0.3789
[219]	[-0.0118]	0.9717	0.4667	0.4258
[220]	[-0.0029]	0.3176	0.4667	0.4651
[221]	[0.0152]	-0.6231	0.4667	0.4643
[222]	[-0.0023]	0.4631	0.3333	0.2790
[223]	[-0.0044]	0.4870	0.4000	0.4210
[224]	[-0.0093]	0.5341	0.4667	0.4744
[225]	[0.0367]	-0.2604	0.4000	0.3782
[226]	[-0.0601]	1.8202	0.2000	0.2341
[227]	[0.0042]	-0.1217	0.6000	0.5412
[228]	[0.0024]	-0.0423	0.4667	0.4851
[229]	[0.0055]	-0.4428	0.4000	0.3902
[230]	[0.0331]	-0.9517	0.2667	0.3209
[231]	[-0.0138]	0.5274	0.4000	0.3792
[232]	[0.0096]	-0.2824	0.6000	0.5383
[233]	[0.0037]	-0.7401	0.5333	0.5127
[234]	[0.0046]	-0.0972	0.5333	0.5031
[235]	[0.0066]	-0.5591	0.5333	0.4767
[236]	[-0.0393]	1.8430	0.2000	0.2329
[237]	[0.0108]	-0.6698	0.4667	0.4142
[238]	[-0.0603]	3.1621	0.2667	0.2299
[239]	[-0.0148]	0.6945	0.4000	0.4036
[240]	[0.0116]	-0.5572	0.4667	0.4596
[241]	[0.0011]	-0.0344	0.5333	0.6231
[242]	[-0.0062]	0.4137	0.4667	0.4611
[243]	[-0.0084]	0.3222	0.4667	0.4178
[244]	[0.0083]	-0.1090	0.6000	0.5567
[245]	[-0.0060]	0.4886	0.4000	0.4207
[246]	[-0.0277]	0.7596	0.4000	0.3545
[247]	[-0.0176]	0.6781	0.3333	0.3289
[248]	[0.0776]	-1.9166	0.2000	0.2451
[249]	[0.0001]	-0.5495	0.2667	0.2957
[250]	[-0.0144]	0.9379	0.2667	0.3420
[251]	[-0.0056]	0.5719	0.4000	0.4026
[252]	[-0.0199]	0.5408	0.4000	0.3561
[253]	[-0.0336]	1.2559	0.4667	0.4316
[254]	[0.0055]	-0.1795	0.5333	0.4719
[255]	[0.0198]	-1.0500	0.2000	0.2247
[256]	[0.0105]	-0.3915	0.3333	0.3770
[257]	[-0.0074]	0.3938	0.4000	0.4288
[258]	[-0.0141]	0.5010	0.4667	0.4368
[259]	[0.0104]	-0.2704	0.4000	0.4278
[260]	[-0.0002]	1.6124	0.4000	0.3517
[261]	[0.0050]	-0.4053	0.6000	0.4666
[262]	[-0.0023]	0.2459	0.4667	0.4836
[263]	[0.0149]	-0.1710	0.2667	0.3675
[264]	[0.0020]	-0.5251	0.4667	0.4801
[265]	[-0.0042]	0.4939	0.5333	0.5741
[266]	[-0.0409]	0.6463	0.2000	0.3328
[267]	[0.0212]	-2.7070	0.2667	0.3062
[268]	[0.0001]	0.1209	0.4667	0.4667
[269]	[-0.0264]	0.4901	0.3333	0.3398
[270]	[-0.0051]	0.4109	0.4000	0.4252
[271]	[-0.0099]	0.8197	0.3333	0.3638
[272]	[-0.0060]	0.9032	0.3333	0.3755
[273]	[-0.0033]	0.1965	0.4000	0.4268
[274]	[-0.0082]	0.5015	0.3333	0.4084
[275]	[-0.0265]	1.0950	0.3333	0.3046
[276]	[0.0006]	0.1208	0.4667	0.4667
[277]	[-0.0034]	0.7005	0.2667	0.2413
[278]	[0.0063]	-0.1557	0.6000	0.4988
[279]	[-0.0042]	0.3177	0.4667	0.4892
[280]	[-0.0034]	0.1911	0.4667	0.4797
[281]	[-0.0077]	0.5426	0.4000	0.4647
[282]	[-0.0018]	0.5016	0.6000	0.4695
[283]	[-0.0204]	0.6632	0.2667	0.2395
[284]	[0.0007]	0.1054	0.4667	0.4667
[285]	[0.0228]	-0.6424	0.3333	0.3744
[286]	[0.0393]	-0.5111	0.4000	0.3457
[287]	[0.0052]	-0.2636	0.4000	0.4430
[288]	[-0.0129]	0.5329	0.4000	0.3592
[289]	[0.0101]	-0.3057	0.4000	0.4424
[290]	[0.0218]	-0.2315	0.4667	0.4732
[291]	[-0.0393]	0.9278	0.2667	0.3023
[292]	[-0.0210]	0.4892	0.3333	0.3701
[293]	[-0.0144]	0.3617	0.5333	0.4905
[294]	[0.0307]	-0.7961	0.3333	0.3292
[295]	[0.0414]	-1.0992	0.2000	0.2880
[296]	[0.0008]	-0.1873	0.4000	0.4752
[297]	[0.0109]	-1.7312	0.3333	0.3278
[298]	[-0.0025]	0.1858	0.4667	0.4757
[299]	[-0.0370]	1.8214	0.2000	0.2485
[300]	[0.0056]	-0.0007	0.4000	0.4283
[301]	[0.0026]	0.0048	0.4667	0.4825
[302]	[0.0031]	0.0019	0.4667	0.4088
[303]	[0.0314]	-0.4754	0.3333	0.3620
[304]	[0.0022]	0.0170	0.4667	0.5140
[305]	[-0.0080]	0.6296	0.4000	0.3962
[306]	[-0.0074]	0.7469	0.4667	0.4367
[307]	[-0.0040]	1.1983	0.4667	0.4315
[308]	[0.0145]	-0.2173	0.4667	0.4190
[309]	[-0.0004]	0.4840	0.4000	0.4145
[310]	[-0.0056]	0.5794	0.3333	0.4154
[311]	[-0.0235]	0.9601	0.4000	0.3990
[312]	[0.0186]	-0.5275	0.4000	0.4311
[313]	[-0.0037]	0.4692	0.3333	0.3889
[314]	[-0.0338]	0.8434	0.3333	0.3205
[315]	[0.0018]	0.0444	0.4667	0.4676
[316]	[0.0277]	-0.3530	0.5333	0.4749
[317]	[-0.0089]	1.7619	0.2667	0.2779
[318]	[-0.0022]	0.8012	0.3333	0.3562
[319]	[0.0238]	-0.2720	0.4667	0.4571
[320]	[-0.0004]	0.7016	0.3333	0.3813
[321]	[0.0054]	-2.0609	0.4000	0.3684
[322]	[0.0019]	-0.1481	0.2667	0.3911
[323]	[-0.0245]	0.6922	0.2667	0.3244
[324]	[0.0001]	0.1194	0.4667	0.4667
[325]	[-0.0048]	0.2309	0.5333	0.5506
[326]	[-0.0309]	0.8637	0.3333	0.3219
[327]	[-0.0046]	0.4124	0.4000	0.4756
[328]	[-0.0023]	0.9251	0.2667	0.3322
[329]	[-0.0034]	0.4733	0.5333	0.4744
[330]	[0.0120]	-0.5959	0.3333	0.3541
[331]	[-0.0003]	0.1397	0.4667	0.4667
[332]	[-0.0066]	0.9878	0.4000	0.3942
[333]	[-0.0021]	0.3167	0.4000	0.4416
[334]	[-0.0196]	0.4120	0.5333	0.4574
[335]	[0.0394]	-1.3664	0.3333	0.3337
[336]	[-0.0067]	0.3859	0.4000	0.4363
[337]	[0.0014]	-0.1868	0.5333	0.4608
[338]	[-0.0061]	0.4593	0.4000	0.3552
[339]	[0.0301]	-0.4942	0.4000	0.3275
[340]	[-0.0035]	0.4045	0.4000	0.4255
[341]	[-0.0053]	0.2465	0.5333	0.5500
[342]	[0.0012]	0.1041	0.4667	0.4667
[343]	[-0.0088]	0.4426	0.4000	0.4367
[344]	[0.0323]	-0.4626	0.3333	0.3719
[345]	[-0.0212]	0.7640	0.4000	0.3661
[346]	[0.1580]	-2.9830	0.1333	0.1576
[347]	[-0.0143]	0.8182	0.3333	0.3042
[348]	[0.0196]	-0.5349	0.4000	0.4205
[349]	[0.0025]	-0.1489	0.3333	0.3529
[350]	[-0.0026]	0.2653	0.4667	0.4688
[351]	[0.0014]	0.0813	0.4667	0.4667
[352]	[0.0108]	-0.2782	0.4000	0.4381
[353]	[0.0276]	-0.8786	0.2000	0.3345
[354]	[0.0019]	0.0615	0.4667	0.4632
[355]	[0.0895]	-2.3258	0.1333	0.1389
[356]	[-0.0010]	0.3230	0.5333	0.4981
[357]	[0.0129]	-0.1716	0.3333	0.3847
[358]	[-0.0326]	2.3171	0.1333	0.2042
[359]	[0.0027]	0.0898	0.4667	0.4662
[360]	[0.0006]	0.0930	0.4667	0.4667
[361]	[0.0170]	-0.1337	0.6000	0.5301
[362]	[-0.0008]	0.2219	0.5333	0.4721
[363]	[0.0080]	-0.1664	0.5333	0.5575
[364]	[0.0138]	-1.7672	0.2000	0.2595
[365]	[0.0145]	-0.2341	0.4000	0.3771
[366]	[-0.0039]	0.8046	0.4000	0.3918
[367]	[-0.0073]	1.3172	0.2667	0.2902
[368]	[-0.0281]	0.7101	0.4667	0.3718
[369]	[-0.0002]	0.6186	0.2667	0.3218
[370]	[0.0067]	0.0070	0.4667	0.4635
[371]	[-0.0039]	0.3263	0.4667	0.4495
[372]	[-0.0001]	0.3039	0.4667	0.4644
[373]	[0.0029]	-0.2714	0.2667	0.3116
[374]	[-0.0067]	0.4683	0.4000	0.4083
[375]	[-0.0026]	0.2900	0.3333	0.3759
[376]	[-0.0010]	0.9760	0.3333	0.3694
[377]	[-0.0184]	0.8245	0.4000	0.3781
[378]	[0.0016]	0.1073	0.4667	0.4667
[379]	[-0.0012]	0.7947	0.3333	0.3639
[380]	[0.0037]	-0.2666	0.3333	0.3866
[381]	[0.0015]	-0.0856	0.4667	0.4313
[382]	[-0.0048]	0.6148	0.4667	0.4630
[383]	[-0.0222]	0.7322	0.4000	0.4197
[384]	[0.0040]	-0.0057	0.6000	0.5135
[385]	[-0.0238]	2.3820	0.3333	0.3272
[386]	[-0.0092]	0.7919	0.4000	0.3606
[387]	[-0.0134]	0.6109	0.3333	0.3918
[388]	[0.0042]	-0.3436	0.4667	0.3656
[389]	[-0.0066]	0.3314	0.4667	0.4429
[390]	[0.0055]	-0.1826	0.4000	0.3658
[391]	[-0.0123]	0.8861	0.3333	0.3558
[392]	[-0.0005]	0.1489	0.4667	0.4667
[393]	[0.0208]	-0.8811	0.3333	0.3131
[394]	[-0.0330]	0.6841	0.4667	0.3767
[395]	[-0.0070]	0.3893	0.3333	0.3052
[396]	[-0.0313]	0.3888	0.4667	0.3960
[397]	[0.0036]	-0.2534	0.2667	0.3421
[398]	[-0.0019]	1.3466	0.2667	0.3530
[399]	[0.0251]	-0.1784	0.4667	0.4602
[400]	[0.0044]	-0.5530	0.4000	0.4392
[401]	[0.0057]	-0.1202	0.4000	0.4401
[402]	[-0.0295]	2.2145	0.3333	0.3108
[403]	[0.0150]	-0.8659	0.4667	0.4128
[404]	[0.0077]	-0.0743	0.4000	0.4064
[405]	[0.0370]	-0.7931	0.3333	0.3743
[406]	[-0.0076]	1.1569	0.2000	0.2183
[407]	[-0.0367]	2.3728	0.3333	0.3142
[408]	[-0.0134]	0.5890	0.4000	0.3886
[409]	[-0.0612]	2.2313	0.2000	0.2020
[410]	[0.0029]	0.0378	0.4667	0.4743
[411]	[-0.0158]	0.6797	0.4667	0.4179
[412]	[-0.0057]	0.8126	0.3333	0.3408
[413]	[-0.0004]	0.4267	0.3333	0.3790
[414]	[-0.0166]	0.4960	0.4000	0.4340
[415]	[-0.0064]	0.7678	0.4000	0.3628
[416]	[-0.0602]	0.8614	0.2667	0.3185
[417]	[0.0357]	-0.3935	0.3333	0.3792
[418]	[-0.0370]	1.6511	0.2667	0.3003
[419]	[-0.0143]	0.6795	0.4000	0.4127
[420]	[0.0646]	-0.7777	0.2000	0.2586
[421]	[-0.0172]	0.7004	0.4667	0.3962
[422]	[-0.0052]	0.2332	0.4000	0.4334
[423]	[0.0046]	-0.6663	0.4000	0.3834
[424]	[-0.0337]	0.5540	0.3333	0.3887
[425]	[0.0051]	-0.2304	0.4667	0.4806
[426]	[-0.0034]	0.2320	0.4000	0.4251
[427]	[-0.0028]	0.4768	0.4667	0.4029
[428]	[0.0021]	0.0797	0.4667	0.4662
[429]	[0.0594]	-0.5832	0.2667	0.2739
[430]	[0.0013]	-0.4038	0.4667	0.4609
[431]	[0.0151]	-1.3274	0.4000	0.3602
[432]	[-0.0034]	0.3895	0.4000	0.3945
[433]	[-0.0148]	0.4351	0.4000	0.4386
[434]	[0.0107]	-0.0122	0.4667	0.4777
[435]	[-0.0050]	0.2931	0.3333	0.3826
[436]	[-0.0069]	1.6481	0.3333	0.3160
[437]	[-0.0109]	1.0938	0.4000	0.3809
[438]	[-0.0090]	0.2425	0.4000	0.4192
[439]	[0.0064]	-0.3315	0.4667	0.4090
[440]	[-0.0000]	0.2994	0.4667	0.4605
[441]	[-0.0109]	0.8190	0.3333	0.3639
[442]	[0.0785]	-0.4823	0.2667	0.2985
[443]	[0.0264]	-1.3068	0.2667	0.3463
[444]	[0.0027]	-0.9976	0.4000	0.4027
[445]	[0.0014]	-0.3037	0.3333	0.4292
[446]	[0.0010]	0.0413	0.4667	0.4773
[447]	[0.0052]	-0.1811	0.4667	0.4535
[448]	[0.0042]	-0.0230	0.4000	0.4105
[449]	[-0.0013]	0.4682	0.5333	0.5465
[450]	[0.0115]	-0.8454	0.2667	0.3748
[451]	[-0.0073]	0.9243	0.4000	0.3300
[452]	[-0.0139]	0.4726	0.4000	0.3969
[453]	[-0.0023]	0.5181	0.4000	0.3992
[454]	[0.0156]	-0.1219	0.5333	0.4789
[455]	[0.0136]	-0.6504	0.4000	0.3931
[456]	[0.0035]	-0.1904	0.4000	0.2926
[457]	[-0.0104]	0.4209	0.4667	0.4294
[458]	[-0.0085]	0.6288	0.4000	0.3804
[459]	[-0.0119]	0.6963	0.4667	0.4439
[460]	[-0.0049]	0.3799	0.4000	0.4077
[461]	[-0.0141]	0.5152	0.4667	0.4419
[462]	[-0.0044]	0.2552	0.4000	0.3766
[463]	[0.0152]	-0.6232	0.4000	0.3929
[464]	[-0.0012]	0.2977	0.4667	0.4558
