gene index	a_n	m	resub	bresub
[0]	[-0.0002]	0.6093	0.4667	0.4367
[1]	[0.0267]	-0.4482	0.4000	0.3799
[2]	[-0.0052]	1.5334	0.4000	0.3395
[3]	[-0.0148]	0.5444	0.4667	0.3861
[4]	[-0.0083]	1.0558	0.3333	0.3799
[5]	[-0.0010]	0.4796	0.4667	0.4460
[6]	[0.0037]	-0.0084	0.5333	0.5286
[7]	[0.0033]	-0.3442	0.6000	0.5342
[8]	[0.0177]	-1.0362	0.4000	0.3489
[9]	[-0.0002]	0.1780	0.4000	0.4591
[10]	[-0.0736]	1.4986	0.2667	0.2577
[11]	[0.0048]	-0.6406	0.4667	0.4924
[12]	[-0.0077]	0.8126	0.4000	0.4104
[13]	[-0.0353]	0.9468	0.4000	0.4330
[14]	[-0.0021]	0.2134	0.5333	0.5241
[15]	[0.0570]	-0.9165	0.3333	0.3135
[16]	[0.0166]	-0.0958	0.5333	0.5401
[17]	[0.0230]	-1.2204	0.2667	0.3363
[18]	[0.0003]	-0.2600	0.4667	0.4057
[19]	[0.0044]	-0.0816	0.3333	0.4194
[20]	[0.0019]	-0.0180	0.3333	0.3809
[21]	[-0.0106]	0.3925	0.4667	0.4599
[22]	[-0.0292]	0.7216	0.2667	0.3056
[23]	[-0.0250]	0.3255	0.4000	0.3872
[24]	[0.0104]	-0.8205	0.4000	0.4063
[25]	[0.0137]	-3.0407	0.4000	0.3817
[26]	[0.0060]	-0.8152	0.4000	0.4058
[27]	[-0.0044]	0.6964	0.4667	0.4680
[28]	[0.0007]	0.0516	0.4667	0.5508
[29]	[-0.0481]	1.9302	0.2000	0.2370
[30]	[0.0166]	-0.2585	0.5333	0.5060
[31]	[-0.0028]	0.3171	0.5333	0.5145
[32]	[-0.0004]	0.2658	0.5333	0.5119
[33]	[-0.0099]	0.4935	0.4000	0.4111
[34]	[-0.0145]	0.5450	0.4000	0.3767
[35]	[0.0050]	-0.5102	0.4667	0.4506
[36]	[-0.0085]	0.4717	0.4667	0.4237
[37]	[-0.0163]	1.3181	0.2000	0.2019
[38]	[-0.0149]	1.5460	0.3333	0.3454
[39]	[0.0087]	-1.0667	0.4000	0.3853
[40]	[-0.0281]	0.6626	0.4000	0.4036
[41]	[-0.0027]	0.2679	0.5333	0.4892
[42]	[0.0002]	0.1202	0.4667	0.4667
[43]	[0.0124]	-0.2899	0.3333	0.4375
[44]	[-0.0011]	0.3703	0.4000	0.4070
[45]	[-0.0030]	0.1998	0.4667	0.4690
[46]	[0.0015]	0.0537	0.4667	0.4661
[47]	[-0.0046]	0.9521	0.4667	0.4586
[48]	[0.0401]	-5.2736	0.1333	0.2184
[49]	[-0.0172]	2.0867	0.3333	0.3834
[50]	[-0.0031]	0.2776	0.4667	0.4211
[51]	[0.0067]	-0.0298	0.4667	0.4921
[52]	[-0.0195]	0.6860	0.2000	0.2862
[53]	[-0.0009]	0.2095	0.4000	0.4225
[54]	[0.0047]	-0.5722	0.4667	0.4153
[55]	[0.0119]	-0.4056	0.4667	0.4612
[56]	[0.0095]	-0.1507	0.6000	0.5359
[57]	[0.0225]	-0.2831	0.4667	0.4601
[58]	[0.0206]	-0.7972	0.2667	0.2811
[59]	[-0.0076]	0.4192	0.3333	0.3856
[60]	[-0.0133]	2.9891	0.2667	0.2841
[61]	[-0.0006]	0.5959	0.4667	0.4238
[62]	[-0.0138]	0.5241	0.3333	0.3577
[63]	[0.0003]	0.0760	0.4667	0.4711
[64]	[-0.0260]	0.9490	0.4000	0.3772
[65]	[0.0230]	-0.1702	0.5333	0.4557
[66]	[0.0056]	-0.0776	0.4667	0.4548
[67]	[0.0117]	-0.0483	0.4000	0.4358
[68]	[-0.0174]	0.6237	0.4667	0.4281
[69]	[0.0136]	-0.9310	0.4000	0.3498
[70]	[-0.0123]	0.5108	0.4000	0.4436
[71]	[0.0001]	0.1270	0.4667	0.4667
[72]	[0.0031]	-0.1731	0.4667	0.5162
[73]	[-0.0097]	0.3968	0.5333	0.4514
[74]	[0.0487]	-1.5668	0.2000	0.2601
[75]	[0.0148]	-0.9298	0.2667	0.3489
[76]	[-0.0140]	0.6018	0.4000	0.4566
[77]	[-0.0040]	0.3634	0.3333	0.3423
[78]	[0.0038]	-0.0384	0.5333	0.5371
[79]	[-0.0016]	0.1599	0.4667	0.4661
[80]	[0.0124]	-0.3571	0.4667	0.4495
[81]	[-0.0137]	0.8699	0.4000	0.3851
[82]	[-0.0258]	1.0904	0.2667	0.3483
[83]	[-0.0108]	3.2825	0.2667	0.2052
[84]	[-0.0075]	0.4379	0.4000	0.4069
[85]	[0.0129]	-1.0094	0.4000	0.3584
[86]	[0.0103]	-0.3575	0.4667	0.4539
[87]	[0.0046]	-0.1897	0.4667	0.4635
[88]	[0.0029]	-0.2730	0.4000	0.4052
[89]	[-0.0122]	0.3587	0.3333	0.3410
[90]	[-0.0170]	0.5201	0.4000	0.4057
[91]	[0.0061]	-1.7595	0.2667	0.2752
[92]	[-0.0093]	0.3591	0.4667	0.4696
[93]	[0.0145]	-0.0964	0.4667	0.4815
[94]	[0.0247]	-1.0101	0.4000	0.3772
[95]	[-0.0024]	0.4428	0.3333	0.3603
[96]	[-0.0017]	0.1774	0.4667	0.4981
[97]	[-0.0034]	0.9514	0.3333	0.3869
[98]	[-0.0062]	0.9640	0.4000	0.3846
[99]	[0.0130]	-1.2885	0.3333	0.3469
[100]	[-0.0002]	0.2257	0.4000	0.4173
[101]	[0.0020]	0.0914	0.4667	0.4666
[102]	[-0.0169]	0.6463	0.4000	0.3766
[103]	[0.0112]	-0.6383	0.4667	0.4421
[104]	[0.0501]	-1.3296	0.3333	0.2863
[105]	[-0.0037]	0.7356	0.4667	0.3955
[106]	[-0.0033]	0.4385	0.4667	0.4104
[107]	[0.0196]	-0.7371	0.4667	0.4737
[108]	[0.0353]	-2.9077	0.2667	0.2444
[109]	[-0.0014]	0.2818	0.4667	0.4283
[110]	[-0.0698]	1.8201	0.3333	0.3451
[111]	[-0.0178]	1.0432	0.3333	0.3622
[112]	[-0.0002]	0.7807	0.5333	0.4505
[113]	[0.0169]	-0.1883	0.3333	0.3916
[114]	[-0.0155]	1.0243	0.4000	0.4222
[115]	[-0.0107]	0.5908	0.4667	0.4176
[116]	[-0.0194]	0.6088	0.4000	0.3208
[117]	[-0.0054]	0.7770	0.3333	0.3044
[118]	[0.0001]	-0.1067	0.5333	0.5034
[119]	[0.0050]	-0.1685	0.4667	0.3964
[120]	[-0.0047]	0.6650	0.5333	0.4858
[121]	[0.0003]	0.0909	0.4667	0.4667
[122]	[-0.0129]	0.5137	0.4000	0.4244
[123]	[-0.0007]	0.1680	0.4667	0.4728
[124]	[0.0039]	-0.5882	0.4000	0.3897
[125]	[0.0038]	-0.2931	0.4667	0.5025
[126]	[-0.0113]	0.6823	0.4000	0.4059
[127]	[-0.0087]	0.9362	0.3333	0.3367
[128]	[0.0014]	0.0240	0.4667	0.4984
[129]	[-0.0019]	0.1610	0.4667	0.4604
[130]	[-0.0025]	1.0313	0.2667	0.3816
[131]	[-0.0005]	0.4522	0.4667	0.4162
[132]	[-0.0008]	0.3576	0.4667	0.4452
[133]	[0.0147]	-0.5092	0.3333	0.3613
[134]	[0.0013]	0.0905	0.4667	0.4667
[135]	[0.0145]	-0.4112	0.4667	0.4780
[136]	[-0.0167]	2.8283	0.3333	0.3109
[137]	[0.0011]	-0.1424	0.4000	0.4710
[138]	[0.0045]	-0.0822	0.5333	0.5136
[139]	[0.0009]	0.0173	0.4667	0.4305
[140]	[0.0002]	0.1230	0.4667	0.4667
[141]	[0.0321]	-0.2933	0.4667	0.4052
[142]	[-0.0538]	1.8339	0.2000	0.1782
[143]	[-0.0045]	1.0829	0.5333	0.4233
[144]	[-0.0064]	1.6684	0.2667	0.3056
[145]	[-0.0059]	0.7918	0.4000	0.4197
[146]	[-0.0323]	0.9371	0.4667	0.4035
[147]	[-0.0027]	0.5981	0.4000	0.4120
[148]	[-0.0165]	0.4760	0.4000	0.3878
[149]	[-0.0010]	0.2128	0.4667	0.4532
[150]	[0.0213]	-4.0929	0.2000	0.2218
[151]	[0.0169]	-1.5190	0.4000	0.3451
[152]	[0.0163]	-0.4304	0.4000	0.4556
[153]	[-0.0101]	0.2440	0.4000	0.4256
[154]	[-0.0060]	0.8892	0.4667	0.4417
[155]	[0.0105]	-0.2009	0.4667	0.4493
[156]	[-0.0048]	0.6986	0.4000	0.4343
[157]	[-0.0101]	0.9022	0.3333	0.3500
[158]	[-0.0215]	1.0215	0.2667	0.2950
[159]	[-0.0015]	0.4252	0.4000	0.4034
[160]	[0.0002]	0.0791	0.4667	0.4667
[161]	[0.0023]	0.0318	0.4667	0.4592
[162]	[-0.0054]	0.6217	0.4000	0.3975
[163]	[-0.0142]	1.0042	0.4000	0.3873
[164]	[0.0283]	-2.1166	0.2000	0.2068
[165]	[0.0004]	-0.2101	0.4000	0.4258
[166]	[0.0125]	-0.8424	0.3333	0.3923
[167]	[-0.0153]	2.4142	0.4000	0.3253
[168]	[0.0150]	-0.2440	0.6000	0.5005
[169]	[-0.0269]	0.5158	0.4000	0.3914
[170]	[0.0002]	-0.0267	0.5333	0.5319
[171]	[-0.0003]	0.2290	0.4667	0.4637
[172]	[0.0002]	0.1060	0.4667	0.4667
[173]	[-0.0154]	0.8000	0.4000	0.3856
[174]	[-0.0033]	0.5179	0.5333	0.4634
[175]	[0.0232]	-0.2250	0.4000	0.3551
[176]	[0.0142]	-0.0781	0.5333	0.4757
[177]	[0.0232]	-1.1700	0.2667	0.3029
[178]	[0.0030]	-0.1247	0.4000	0.4101
[179]	[0.0014]	0.0047	0.4667	0.4492
[180]	[-0.0220]	1.0700	0.4000	0.3421
[181]	[0.0284]	-0.7869	0.4000	0.4021
[182]	[-0.0020]	1.1018	0.4667	0.4195
[183]	[-0.0155]	2.5294	0.3333	0.3167
[184]	[0.0050]	0.0130	0.4667	0.4661
[185]	[-0.0092]	0.4812	0.4000	0.4040
[186]	[0.0037]	-0.2322	0.4000	0.3912
[187]	[0.0001]	-0.0123	0.4000	0.5682
[188]	[-0.0039]	0.2377	0.5333	0.4913
[189]	[-0.0170]	1.1128	0.3333	0.3865
[190]	[0.0123]	-0.1739	0.4667	0.4000
[191]	[-0.0083]	0.6620	0.4667	0.4571
[192]	[0.0113]	-0.0060	0.6667	0.5455
[193]	[0.0170]	-0.2854	0.4000	0.4663
[194]	[0.0101]	-0.2544	0.3333	0.4014
[195]	[0.0047]	-0.1132	0.3333	0.3930
[196]	[-0.0232]	0.7619	0.4000	0.3896
[197]	[-0.0071]	0.4520	0.3333	0.4046
[198]	[0.0056]	-0.5156	0.4000	0.3959
[199]	[-0.0068]	0.4399	0.5333	0.4918
[200]	[-0.0042]	0.1683	0.4000	0.4219
[201]	[-0.0016]	0.6422	0.4667	0.4745
[202]	[0.0028]	-0.1306	0.6000	0.5286
[203]	[0.0020]	0.0147	0.4667	0.4139
[204]	[0.0003]	0.0678	0.4667	0.4663
[205]	[-0.1425]	0.4809	0.3333	0.2844
[206]	[-0.0553]	1.1418	0.2667	0.2695
[207]	[-0.0160]	1.0376	0.3333	0.3364
[208]	[-0.0001]	0.1354	0.4667	0.4667
[209]	[-0.0048]	1.7911	0.3333	0.3283
[210]	[-0.0261]	1.9216	0.4000	0.3366
[211]	[0.0118]	-0.3771	0.4000	0.4415
[212]	[0.0008]	-0.2094	0.6667	0.5702
[213]	[0.0005]	-0.0718	0.5333	0.5079
[214]	[0.0037]	0.0462	0.4667	0.5937
[215]	[0.0233]	-0.8843	0.3333	0.3307
[216]	[-0.0147]	0.8355	0.2667	0.3181
[217]	[-0.0056]	0.4213	0.4000	0.3781
[218]	[0.0049]	-0.2430	0.2000	0.3426
[219]	[-0.0213]	1.5375	0.3333	0.3949
[220]	[-0.0031]	0.3277	0.5333	0.5266
[221]	[0.0057]	-0.1584	0.5333	0.5555
[222]	[-0.0021]	0.4544	0.4000	0.2825
[223]	[0.0032]	-0.2725	0.4667	0.4557
[224]	[-0.0160]	0.7856	0.4000	0.4096
[225]	[0.0539]	-0.7387	0.2667	0.2851
[226]	[-0.0142]	0.6385	0.4667	0.4283
[227]	[0.0110]	-0.5579	0.4000	0.4405
[228]	[-0.0319]	1.8386	0.2000	0.2783
[229]	[-0.0001]	0.1412	0.4667	0.4667
[230]	[0.0166]	-0.2893	0.4667	0.4102
[231]	[0.0087]	-0.2053	0.4000	0.4158
[232]	[-0.0024]	0.2166	0.4667	0.4667
[233]	[0.0097]	-2.2740	0.3333	0.3176
[234]	[0.0088]	-0.3940	0.4667	0.4506
[235]	[-0.0022]	0.3234	0.5333	0.5081
[236]	[-0.0216]	1.2487	0.2000	0.3005
[237]	[0.0152]	-1.0158	0.3333	0.3678
[238]	[-0.0444]	2.4981	0.2667	0.2833
[239]	[-0.0408]	1.2841	0.2667	0.2721
[240]	[0.0081]	-0.4481	0.3333	0.3709
[241]	[0.0016]	-0.2293	0.6000	0.4682
[242]	[-0.0104]	0.5962	0.4000	0.4302
[243]	[0.0013]	0.1010	0.4667	0.4667
[244]	[0.0239]	-0.6226	0.4667	0.4432
[245]	[-0.0014]	0.2239	0.3333	0.4224
[246]	[-0.0190]	0.5917	0.4667	0.4273
[247]	[0.0013]	0.0815	0.4667	0.4658
[248]	[0.0135]	-0.0660	0.4667	0.4516
[249]	[-0.0000]	0.2242	0.4667	0.4500
[250]	[-0.0274]	1.4891	0.2667	0.2875
[251]	[0.0054]	-0.4801	0.3333	0.4429
[252]	[-0.0025]	0.1994	0.4000	0.4116
[253]	[-0.0091]	0.4447	0.6000	0.6057
[254]	[0.0115]	-0.6096	0.3333	0.4141
[255]	[-0.0102]	0.2788	0.5333	0.4575
[256]	[-0.0067]	0.3925	0.3333	0.3820
[257]	[-0.0247]	0.8893	0.3333	0.3611
[258]	[-0.0117]	0.4327	0.5333	0.5134
[259]	[0.0025]	0.0466	0.4667	0.5376
[260]	[-0.0001]	1.0526	0.4000	0.3524
[261]	[0.0267]	-3.3601	0.2000	0.2597
[262]	[0.0062]	-0.2028	0.4667	0.4304
[263]	[0.0005]	0.1265	0.4667	0.4667
[264]	[0.0045]	-1.5816	0.3333	0.3309
[265]	[-0.0020]	0.3054	0.6000	0.5742
[266]	[0.0028]	0.0829	0.4667	0.4831
[267]	[0.0085]	-1.0650	0.3333	0.3708
[268]	[0.0051]	-0.9536	0.4667	0.4512
[269]	[-0.0191]	0.4238	0.4667	0.4607
[270]	[-0.0009]	0.1885	0.4667	0.4607
[271]	[-0.0036]	0.4251	0.3333	0.3823
[272]	[-0.0067]	0.9610	0.4000	0.3826
[273]	[0.0170]	-0.3863	0.3333	0.4074
[274]	[-0.0181]	0.8550	0.2667	0.3108
[275]	[0.0019]	-0.0007	0.4667	0.5761
[276]	[0.0086]	-0.0972	0.6000	0.5202
[277]	[-0.0027]	0.6353	0.3333	0.3083
[278]	[-0.0071]	0.4017	0.4000	0.3908
[279]	[-0.0318]	1.2297	0.4667	0.3784
[280]	[0.0097]	-0.0484	0.4000	0.4391
[281]	[-0.0108]	0.6986	0.4667	0.4239
[282]	[0.0005]	-0.0014	0.4667	0.5866
[283]	[-0.0159]	0.5961	0.4000	0.3278
[284]	[-0.0056]	0.3268	0.3333	0.3473
[285]	[0.0096]	-0.1155	0.5333	0.5223
[286]	[0.0481]	-0.4732	0.3333	0.3622
[287]	[0.0040]	-0.1677	0.4000	0.4573
[288]	[-0.0155]	0.6006	0.4667	0.3791
[289]	[-0.0037]	0.2742	0.5333	0.5084
[290]	[0.0311]	-0.4381	0.4000	0.4258
[291]	[-0.0092]	0.3655	0.4667	0.4504
[292]	[0.0196]	-0.3855	0.4667	0.4543
[293]	[-0.0412]	0.6569	0.2667	0.3156
[294]	[0.0169]	-0.4148	0.4000	0.3895
[295]	[0.0006]	0.1234	0.4667	0.4667
[296]	[0.0022]	-0.7094	0.4667	0.4340
[297]	[-0.0025]	0.3711	0.4000	0.4247
[298]	[0.0059]	-0.0002	0.5333	0.4784
[299]	[-0.0089]	0.6632	0.4000	0.3899
[300]	[-0.0152]	0.4155	0.4000	0.4051
[301]	[0.0001]	0.1283	0.4667	0.4667
[302]	[-0.0156]	0.6032	0.3333	0.3662
[303]	[0.0285]	-0.5352	0.2667	0.3284
[304]	[0.0025]	-0.0914	0.4000	0.4236
[305]	[-0.0163]	1.0450	0.3333	0.3290
[306]	[0.0011]	0.0304	0.4667	0.4785
[307]	[0.0003]	0.0536	0.4667	0.4667
[308]	[0.0138]	-0.1861	0.5333	0.5084
[309]	[-0.0004]	0.4833	0.4000	0.4192
[310]	[0.0035]	-0.1807	0.4000	0.4152
[311]	[0.0039]	-0.0898	0.6000	0.5601
[312]	[0.0078]	-0.1339	0.6000	0.5237
[313]	[0.0023]	-0.2377	0.4667	0.4084
[314]	[-0.0192]	0.6162	0.3333	0.3503
[315]	[0.0426]	-2.6529	0.1333	0.2319
[316]	[-0.0121]	0.2780	0.5333	0.4968
[317]	[0.0026]	-0.4756	0.5333	0.5159
[318]	[-0.0024]	0.8376	0.4000	0.3902
[319]	[0.0222]	-0.3281	0.4667	0.4573
[320]	[-0.0009]	1.1481	0.3333	0.3101
[321]	[0.0042]	-1.5515	0.4667	0.4086
[322]	[-0.0262]	1.5847	0.2667	0.3409
[323]	[-0.0194]	0.5708	0.3333	0.3574
[324]	[-0.0037]	0.5318	0.4667	0.4082
[325]	[0.0109]	-0.1562	0.5333	0.5203
[326]	[-0.0043]	0.2768	0.3333	0.4222
[327]	[0.0140]	-0.8624	0.5333	0.4570
[328]	[-0.0024]	0.9442	0.3333	0.3723
[329]	[0.0021]	-0.1198	0.4000	0.4056
[330]	[0.0061]	-0.2200	0.3333	0.4239
[331]	[-0.0014]	0.1608	0.4667	0.4667
[332]	[-0.0087]	1.2690	0.4667	0.4309
[333]	[0.0021]	-0.0790	0.3333	0.4125
[334]	[0.0112]	-0.1097	0.4000	0.3816
[335]	[0.0091]	-0.1348	0.4667	0.4268
[336]	[-0.0057]	0.3509	0.4000	0.3671
[337]	[-0.0046]	0.9064	0.4000	0.3927
[338]	[-0.0070]	0.4921	0.4000	0.3775
[339]	[0.0215]	-0.2382	0.4000	0.3965
[340]	[0.0001]	0.1224	0.4667	0.4667
[341]	[-0.0041]	0.2250	0.4667	0.4669
[342]	[0.0310]	-1.1514	0.3333	0.3370
[343]	[-0.0171]	0.6622	0.3333	0.3426
[344]	[0.0120]	-0.0684	0.4667	0.4488
[345]	[-0.0250]	0.8935	0.3333	0.3161
[346]	[0.0612]	-0.8560	0.2000	0.2520
[347]	[0.0005]	0.0973	0.4667	0.4667
[348]	[0.0021]	0.0736	0.4667	0.4693
[349]	[-0.0006]	0.2035	0.4667	0.4667
[350]	[-0.0066]	0.4404	0.4667	0.4096
[351]	[0.0029]	-0.0481	0.7333	0.6378
[352]	[0.0150]	-0.6857	0.2667	0.3052
[353]	[-0.0209]	0.5873	0.4667	0.4123
[354]	[0.0030]	0.0062	0.4667	0.5576
[355]	[0.0238]	-0.4270	0.4000	0.2863
[356]	[0.0077]	-1.6969	0.4667	0.4121
[357]	[0.0086]	-0.0642	0.4000	0.4354
[358]	[-0.0203]	1.6802	0.3333	0.3222
[359]	[-0.0004]	0.1403	0.4667	0.4667
[360]	[0.0109]	-0.8001	0.2667	0.3287
[361]	[0.0220]	-0.2272	0.4667	0.5079
[362]	[-0.0012]	0.2550	0.4667	0.4023
[363]	[0.0062]	-0.1662	0.5333	0.5519
[364]	[-0.0021]	0.2922	0.4000	0.4037
[365]	[0.0036]	0.0663	0.4667	0.4395
[366]	[0.0013]	-0.1854	0.4667	0.4848
[367]	[-0.0022]	0.5635	0.5333	0.4392
[368]	[-0.0292]	0.7187	0.5333	0.4445
[369]	[-0.0003]	0.9202	0.2667	0.3059
[370]	[0.0141]	-0.1706	0.4000	0.4411
[371]	[0.0015]	0.0462	0.4667	0.5290
[372]	[-0.0002]	0.5292	0.4000	0.4176
[373]	[-0.0022]	0.3739	0.4667	0.4667
[374]	[-0.0120]	0.6495	0.3333	0.3562
[375]	[-0.0070]	0.5341	0.4000	0.4437
[376]	[-0.0013]	1.2624	0.3333	0.3337
[377]	[-0.0012]	0.1947	0.5333	0.5046
[378]	[0.0069]	-0.0274	0.5333	0.5005
[379]	[-0.0008]	0.5686	0.4000	0.4014
[380]	[-0.0012]	0.2427	0.4000	0.4114
[381]	[0.0012]	-0.0380	0.4667	0.4434
[382]	[-0.0101]	1.1067	0.3333	0.3194
[383]	[-0.0052]	0.2931	0.5333	0.5090
[384]	[0.0034]	0.0068	0.4667	0.5693
[385]	[-0.0393]	3.3433	0.3333	0.2525
[386]	[-0.0052]	0.5723	0.3333	0.3901
[387]	[-0.0053]	0.3343	0.4000	0.4048
[388]	[0.0030]	-0.0154	0.5333	0.4706
[389]	[0.0002]	0.1270	0.4667	0.4667
[390]	[0.0030]	0.0393	0.4667	0.4999
[391]	[-0.0159]	1.1186	0.2667	0.3348
[392]	[-0.0195]	0.6720	0.2667	0.3801
[393]	[0.0330]	-1.3494	0.2667	0.2712
[394]	[-0.0244]	0.5819	0.4667	0.4321
[395]	[0.0018]	0.0333	0.4667	0.3996
[396]	[0.0135]	-0.0695	0.4667	0.4530
[397]	[0.0009]	0.0463	0.4667	0.4490
[398]	[-0.0013]	1.0195	0.4000	0.3916
[399]	[-0.0460]	0.4437	0.4000	0.4402
[400]	[0.0030]	-0.3248	0.4667	0.4671
[401]	[0.0069]	-0.0980	0.4667	0.4272
[402]	[-0.0263]	2.0614	0.3333	0.3114
[403]	[0.0176]	-1.0055	0.4667	0.4001
[404]	[0.0131]	-0.1039	0.4667	0.4106
[405]	[0.0476]	-1.0995	0.2000	0.3270
[406]	[-0.0055]	0.9170	0.3333	0.2898
[407]	[-0.0276]	2.0341	0.3333	0.3251
[408]	[-0.0113]	0.5237	0.4000	0.4021
[409]	[-0.0140]	0.7880	0.4000	0.4692
[410]	[0.0020]	0.0683	0.4667	0.4667
[411]	[-0.0099]	0.5075	0.4667	0.4406
[412]	[-0.0019]	0.3843	0.4000	0.4320
[413]	[0.0001]	0.0445	0.4667	0.5683
[414]	[-0.0249]	0.6225	0.2667	0.2810
[415]	[-0.0065]	0.7631	0.3333	0.3461
[416]	[-0.0003]	0.1398	0.4667	0.4667
[417]	[0.0422]	-1.4748	0.1333	0.1622
[418]	[-0.0124]	0.7059	0.4667	0.4224
[419]	[-0.0039]	0.3064	0.4000	0.3956
[420]	[0.0556]	-0.4904	0.2000	0.2937
[421]	[-0.0273]	0.9717	0.2667	0.3352
[422]	[0.0078]	-0.0296	0.5333	0.4709
[423]	[0.0021]	-0.1728	0.4000	0.4635
[424]	[-0.0202]	0.4200	0.4667	0.4635
[425]	[-0.0289]	1.6110	0.2000	0.2791
[426]	[-0.0261]	0.7227	0.3333	0.3396
[427]	[-0.0048]	0.6659	0.4000	0.3673
[428]	[0.0246]	-0.8821	0.2667	0.3285
[429]	[0.0945]	-0.8180	0.2667	0.2817
[430]	[-0.0016]	0.7339	0.4000	0.3945
[431]	[0.0074]	-0.5751	0.4667	0.4599
[432]	[-0.0054]	0.5212	0.4000	0.3742
[433]	[0.0121]	-0.2082	0.3333	0.3861
[434]	[0.0370]	-0.4772	0.4000	0.4618
[435]	[0.0054]	-0.0697	0.5333	0.4757
[436]	[-0.0069]	1.5489	0.2667	0.2969
[437]	[-0.0156]	1.4357	0.4000	0.3398
[438]	[-0.0862]	0.7129	0.2667	0.2542
[439]	[0.0013]	0.0681	0.4667	0.4670
[440]	[-0.0001]	0.9385	0.4667	0.4186
[441]	[-0.0119]	0.8710	0.3333	0.3483
[442]	[0.0296]	-0.2165	0.3333	0.2946
[443]	[0.0138]	-0.4785	0.4667	0.4780
[444]	[0.0031]	-1.1827	0.3333	0.3609
[445]	[-0.0005]	0.2573	0.4000	0.4514
[446]	[0.0010]	0.0443	0.4667	0.4663
[447]	[-0.0081]	0.5349	0.4000	0.3901
[448]	[-0.0126]	0.5022	0.4000	0.3959
[449]	[0.0118]	-3.4188	0.4000	0.3861
[450]	[0.0013]	0.0434	0.4667	0.4847
[451]	[-0.0036]	0.5825	0.4667	0.4041
[452]	[-0.0186]	0.5320	0.3333	0.3585
[453]	[0.0001]	0.1192	0.4667	0.4667
[454]	[0.0588]	-1.4649	0.2000	0.2519
[455]	[0.0078]	-0.2726	0.4667	0.4717
[456]	[0.0075]	-0.3326	0.4667	0.3792
[457]	[-0.0277]	0.8067	0.4000	0.3313
[458]	[0.0019]	-0.0133	0.4667	0.4816
[459]	[0.0117]	-0.7225	0.4000	0.3849
[460]	[0.0017]	0.0206	0.4667	0.3872
[461]	[-0.0013]	0.1732	0.4667	0.4666
[462]	[0.0118]	-0.2490	0.3333	0.4000
[463]	[-0.0121]	0.5851	0.4000	0.4440
[464]	[-0.0003]	0.1697	0.4667	0.4667
