gene index	a_n	m	resub	bresub
[0]	[0.0008]	-2.1901	0.3125	0.3411
[1]	[0.0315]	-1.2785	0.3125	0.3059
[2]	[0.0035]	-0.8112	0.3125	0.3895
[3]	[0.0275]	-0.6045	0.3750	0.3903
[4]	[0.0037]	-0.3875	0.3125	0.4204
[5]	[-0.0050]	1.3936	0.3125	0.3803
[6]	[-0.0010]	0.0380	0.5000	0.5103
[7]	[-0.0121]	1.4799	0.4375	0.4110
[8]	[-0.0155]	1.0764	0.4375	0.4247
[9]	[-0.0017]	0.3064	0.5000	0.4553
[10]	[0.0679]	-1.1746	0.2500	0.2756
[11]	[0.0001]	-0.0186	0.5625	0.5377
[12]	[0.0075]	-0.7107	0.3125	0.3886
[13]	[0.0243]	-0.4681	0.5000	0.4764
[14]	[0.0079]	-0.3623	0.4375	0.3783
[15]	[-0.0069]	0.1641	0.3750	0.4626
[16]	[0.0222]	-0.7129	0.3750	0.3514
[17]	[-0.0075]	0.5145	0.4375	0.4413
[18]	[-0.0017]	2.5536	0.3750	0.4196
[19]	[-0.0086]	0.4053	0.4375	0.4481
[20]	[0.0006]	-0.0474	0.5625	0.5013
[21]	[0.0154]	-0.3987	0.5000	0.4585
[22]	[0.0273]	-0.5000	0.2500	0.3437
[23]	[0.0250]	-0.7083	0.3125	0.2632
[24]	[0.0033]	-0.4650	0.4375	0.4142
[25]	[0.0023]	-0.6768	0.6250	0.5378
[26]	[0.0014]	-0.2379	0.5625	0.5186
[27]	[-0.0076]	0.7806	0.5000	0.4916
[28]	[0.0012]	-0.3163	0.3750	0.3423
[29]	[0.0292]	-1.2016	0.2500	0.2767
[30]	[0.0122]	-0.6404	0.3125	0.2915
[31]	[-0.0094]	0.5044	0.3125	0.4240
[32]	[-0.0012]	0.3179	0.5000	0.5023
[33]	[0.0003]	-0.0087	0.5000	0.5016
[34]	[0.0124]	-0.4335	0.4375	0.4045
[35]	[0.0016]	-0.2303	0.3750	0.4998
[36]	[-0.0402]	0.9272	0.3750	0.3412
[37]	[0.0419]	-1.9324	0.3750	0.3264
[38]	[0.0134]	-1.3348	0.2500	0.3119
[39]	[0.0020]	-0.3246	0.5000	0.5113
[40]	[0.0370]	-0.6289	0.4375	0.4289
[41]	[0.0044]	-0.2235	0.3750	0.4390
[42]	[-0.0069]	0.3989	0.5000	0.4957
[43]	[-0.0238]	0.7046	0.3750	0.3431
[44]	[-0.0044]	0.5706	0.3750	0.3891
[45]	[-0.0387]	0.6530	0.3750	0.3663
[46]	[0.0087]	-0.4937	0.5000	0.4681
[47]	[0.0003]	-0.0538	0.5625	0.5438
[48]	[-0.0019]	0.3119	0.4375	0.4596
[49]	[0.0215]	-2.7367	0.2500	0.2820
[50]	[0.0078]	-0.3563	0.5625	0.4546
[51]	[0.0102]	-0.7462	0.3125	0.3228
[52]	[0.0129]	-0.3235	0.5625	0.4938
[53]	[0.0330]	-3.2124	0.3125	0.3409
[54]	[0.0016]	-0.5216	0.3125	0.3446
[55]	[-0.0081]	0.3903	0.3750	0.4374
[56]	[-0.0121]	0.3485	0.4375	0.4287
[57]	[0.0068]	-0.1739	0.5000	0.4494
[58]	[-0.0009]	0.0576	0.4375	0.4284
[59]	[-0.0064]	0.2027	0.4375	0.4575
[60]	[0.0117]	-2.0646	0.1875	0.2479
[61]	[0.0004]	-0.2693	0.6250	0.5443
[62]	[-0.0107]	0.2071	0.5000	0.5094
[63]	[0.0008]	-0.2689	0.4375	0.3647
[64]	[0.0621]	-2.2238	0.3125	0.2880
[65]	[0.0093]	-0.1969	0.3125	0.3877
[66]	[0.0072]	-0.3806	0.5000	0.4521
[67]	[0.0005]	-0.0098	0.4375	0.4488
[68]	[0.0233]	-0.5977	0.4375	0.4120
[69]	[-0.0003]	0.0336	0.3750	0.4484
[70]	[-0.0086]	0.2400	0.4375	0.5024
[71]	[0.0112]	-1.1059	0.4375	0.3986
[72]	[-0.0108]	0.9251	0.5000	0.3883
[73]	[-0.0006]	0.0150	0.3750	0.4238
[74]	[-0.0021]	0.1024	0.4375	0.4349
[75]	[0.0144]	-1.2508	0.4375	0.4206
[76]	[0.0324]	-1.5947	0.2500	0.2876
[77]	[-0.0287]	1.3664	0.3750	0.3849
[78]	[0.0082]	-0.5095	0.4375	0.4412
[79]	[0.0296]	-0.6755	0.3125	0.3582
[80]	[0.0223]	-1.5244	0.2500	0.3134
[81]	[0.0287]	-2.1071	0.2500	0.2428
[82]	[0.0203]	-1.0401	0.3750	0.3298
[83]	[0.0075]	-1.6052	0.3750	0.3676
[84]	[0.0201]	-1.1253	0.3750	0.3475
[85]	[-0.0045]	0.4512	0.3750	0.4417
[86]	[-0.0096]	0.4820	0.3750	0.3659
[87]	[-0.0206]	0.9312	0.1875	0.1950
[88]	[0.0097]	-1.9444	0.1875	0.3123
[89]	[0.0561]	-1.5997	0.1875	0.2219
[90]	[0.0047]	-0.1011	0.6250	0.5504
[91]	[0.0030]	-1.1784	0.5000	0.4347
[92]	[0.0266]	-0.7981	0.4375	0.4132
[93]	[0.0268]	-0.7205	0.3125	0.3535
[94]	[-0.0152]	0.7445	0.5000	0.4897
[95]	[0.0040]	-0.8101	0.3125	0.2632
[96]	[0.0167]	-0.5355	0.3750	0.3747
[97]	[0.0043]	-1.1000	0.3750	0.3930
[98]	[0.0096]	-1.2071	0.2500	0.3326
[99]	[-0.0273]	2.3978	0.1875	0.1654
[100]	[-0.0013]	0.5674	0.3750	0.3930
[101]	[0.0068]	-0.1585	0.5625	0.5147
[102]	[0.0105]	-0.2189	0.3750	0.4001
[103]	[0.0066]	-0.5713	0.4375	0.4731
[104]	[-0.0350]	1.1850	0.3750	0.3861
[105]	[-0.0045]	0.4912	0.5000	0.4449
[106]	[-0.0069]	0.4755	0.5000	0.4636
[107]	[-0.0128]	0.5911	0.4375	0.4517
[108]	[-0.0336]	2.8743	0.3125	0.2528
[109]	[0.0109]	-1.1844	0.5000	0.4571
[110]	[0.0036]	-0.0487	0.3125	0.4273
[111]	[-0.0002]	0.0092	0.5000	0.4987
[112]	[-0.0001]	0.4653	0.4375	0.4426
[113]	[-0.0169]	0.3446	0.4375	0.4408
[114]	[0.0197]	-1.1732	0.3750	0.4057
[115]	[0.0068]	-0.8865	0.2500	0.2028
[116]	[-0.0027]	0.0382	0.5625	0.5738
[117]	[-0.0018]	0.0963	0.5000	0.4962
[118]	[0.0001]	-0.4842	0.3750	0.3166
[119]	[-0.0048]	0.2951	0.4375	0.3916
[120]	[0.0041]	-0.4567	0.4375	0.4530
[121]	[0.0014]	-0.2382	0.5000	0.5377
[122]	[-0.0294]	0.5637	0.2500	0.3251
[123]	[-0.0115]	0.4073	0.4375	0.3583
[124]	[0.0044]	-1.0032	0.5000	0.4062
[125]	[-0.0036]	0.4122	0.5000	0.4570
[126]	[0.0112]	-0.5362	0.3125	0.4100
[127]	[0.0220]	-3.4948	0.1250	0.1647
[128]	[0.0019]	-0.3040	0.4375	0.3870
[129]	[0.0144]	-0.2672	0.5000	0.4449
[130]	[0.0033]	-1.1942	0.3750	0.3998
[131]	[0.0017]	-1.0755	0.3750	0.4073
[132]	[0.0029]	-0.8344	0.3125	0.3840
[133]	[0.0084]	-0.5523	0.4375	0.4145
[134]	[-0.0010]	0.0346	0.5000	0.4998
[135]	[-0.0131]	0.5104	0.3750	0.4165
[136]	[0.0049]	-0.8155	0.4375	0.3936
[137]	[0.0018]	-0.5335	0.3750	0.4415
[138]	[-0.0102]	0.4665	0.5000	0.4750
[139]	[-0.0263]	2.3990	0.1875	0.1930
[140]	[-0.0050]	0.2453	0.5000	0.3979
[141]	[0.0126]	-0.5100	0.3750	0.3505
[142]	[0.0059]	-0.1018	0.6250	0.5912
[143]	[-0.0009]	0.1566	0.5625	0.5223
[144]	[0.0030]	-0.5826	0.5000	0.4603
[145]	[-0.0051]	0.4822	0.4375	0.4473
[146]	[0.0135]	-0.3066	0.4375	0.4435
[147]	[0.0032]	-0.8513	0.3125	0.3137
[148]	[0.0597]	-1.6475	0.1875	0.2784
[149]	[-0.0070]	0.3964	0.5000	0.4484
[150]	[0.0013]	-0.3511	0.3750	0.4631
[151]	[-0.0064]	0.7559	0.5000	0.4403
[152]	[-0.0561]	1.4398	0.1875	0.2295
[153]	[0.0207]	-0.3046	0.3125	0.3659
[154]	[0.0057]	-0.7261	0.4375	0.4302
[155]	[-0.0200]	0.5963	0.3125	0.3929
[156]	[0.0066]	-0.7728	0.5000	0.4648
[157]	[-0.0014]	0.0814	0.6250	0.5348
[158]	[0.0145]	-0.6188	0.3750	0.3494
[159]	[0.0047]	-1.1139	0.3125	0.3450
[160]	[-0.0081]	1.6375	0.3750	0.3446
[161]	[0.0167]	-1.0286	0.3125	0.3348
[162]	[0.0339]	-3.5026	0.1875	0.2463
[163]	[0.0061]	-0.2975	0.5000	0.4598
[164]	[-0.0136]	1.2970	0.3125	0.3564
[165]	[-0.0030]	2.5311	0.4375	0.3679
[166]	[-0.0151]	1.1559	0.2500	0.3645
[167]	[0.0101]	-1.4558	0.3750	0.3613
[168]	[0.0085]	-0.2556	0.4375	0.4275
[169]	[0.0902]	-1.5750	0.3125	0.2869
[170]	[-0.0003]	0.1966	0.4375	0.3497
[171]	[-0.0027]	0.8078	0.5000	0.4814
[172]	[0.0030]	-0.4204	0.5000	0.4628
[173]	[0.0199]	-0.8463	0.3750	0.3644
[174]	[0.0044]	-0.5115	0.4375	0.4555
[175]	[0.0049]	-0.1146	0.5000	0.4691
[176]	[0.0050]	-0.4469	0.3750	0.2841
[177]	[-0.0317]	1.7600	0.3125	0.2965
[178]	[-0.0085]	0.7100	0.4375	0.4241
[179]	[-0.0082]	0.6327	0.3750	0.3651
[180]	[0.0131]	-0.4612	0.3125	0.3785
[181]	[-0.0229]	0.8092	0.3125	0.3484
[182]	[0.0076]	-3.9324	0.3125	0.3234
[183]	[0.0166]	-2.3959	0.3125	0.3386
[184]	[0.0242]	-0.8889	0.5000	0.4626
[185]	[-0.0455]	1.1741	0.3125	0.3524
[186]	[-0.0104]	0.9657	0.3750	0.4167
[187]	[-0.0001]	0.1938	0.5625	0.4137
[188]	[-0.0002]	0.0043	0.5000	0.5443
[189]	[0.0186]	-1.1918	0.5000	0.4200
[190]	[0.0063]	-0.5406	0.3750	0.3646
[191]	[0.0082]	-0.5143	0.3750	0.4175
[192]	[0.0138]	-0.5774	0.3125	0.3078
[193]	[0.0137]	-0.4258	0.5000	0.5027
[194]	[-0.0491]	1.4957	0.3125	0.2826
[195]	[-0.0489]	2.0879	0.3750	0.3334
[196]	[0.0037]	-0.0779	0.3750	0.3784
[197]	[0.0081]	-0.3509	0.4375	0.4370
[198]	[0.0013]	-0.1687	0.5625	0.5273
[199]	[0.0062]	-0.2997	0.5000	0.4434
[200]	[0.0187]	-0.4114	0.3750	0.3635
[201]	[0.0013]	-0.4019	0.5000	0.4980
[202]	[0.0026]	-0.3980	0.4375	0.3922
[203]	[0.0040]	-0.2634	0.5625	0.4872
[204]	[0.0038]	-1.0091	0.4375	0.3828
[205]	[0.0084]	-0.3431	0.3750	0.2360
[206]	[0.0436]	-0.8660	0.1875	0.2550
[207]	[-0.0032]	0.1022	0.4375	0.5034
[208]	[-0.0087]	0.1863	0.5625	0.4891
[209]	[0.0021]	-0.6241	0.5000	0.5193
[210]	[-0.0002]	0.0122	0.6875	0.6043
[211]	[0.0084]	-0.6257	0.4375	0.4402
[212]	[0.0002]	-0.1440	0.4375	0.4794
[213]	[0.0003]	-0.3735	0.3750	0.3282
[214]	[0.0044]	-0.3172	0.3750	0.3305
[215]	[-0.0290]	1.3097	0.3125	0.3001
[216]	[0.0106]	-0.4218	0.5000	0.4637
[217]	[0.0119]	-1.2214	0.1875	0.2019
[218]	[0.0031]	-0.7688	0.2500	0.2218
[219]	[-0.0051]	0.2603	0.5000	0.4786
[220]	[0.0011]	-0.0701	0.5625	0.5040
[221]	[-0.0062]	0.3126	0.5000	0.4938
[222]	[-0.0096]	0.5605	0.4375	0.4273
[223]	[0.0015]	-0.5220	0.3750	0.3198
[224]	[-0.0010]	0.0340	0.5625	0.5220
[225]	[-0.0117]	0.2814	0.5000	0.5127
[226]	[0.0120]	-0.6066	0.3750	0.3759
[227]	[0.0168]	-1.4131	0.3750	0.3832
[228]	[0.0266]	-1.2987	0.2500	0.3080
[229]	[0.0012]	-0.0857	0.5000	0.4832
[230]	[0.0138]	-1.0341	0.2500	0.2305
[231]	[0.0055]	-0.2795	0.4375	0.4360
[232]	[-0.0155]	0.4966	0.5000	0.5092
[233]	[-0.0035]	0.9791	0.3125	0.3965
[234]	[-0.0026]	0.1841	0.5000	0.4840
[235]	[0.0128]	-1.3495	0.3125	0.3684
[236]	[0.0193]	-0.8770	0.3750	0.4163
[237]	[-0.0088]	0.7395	0.5000	0.4560
[238]	[0.0096]	-0.3645	0.5625	0.5132
[239]	[0.0263]	-0.4725	0.3750	0.3753
[240]	[-0.0063]	0.4814	0.5000	0.4128
[241]	[0.0005]	-0.3063	0.4375	0.3642
[242]	[0.0180]	-1.0178	0.3125	0.3781
[243]	[0.0213]	-0.6460	0.4375	0.3973
[244]	[0.0153]	-0.6208	0.5000	0.4611
[245]	[0.0061]	-0.4322	0.3750	0.4403
[246]	[0.0207]	-0.4397	0.3750	0.3792
[247]	[-0.0435]	1.2798	0.1875	0.2121
[248]	[0.0105]	-0.3033	0.5000	0.4708
[249]	[0.0000]	-0.2046	0.4375	0.4395
[250]	[0.0142]	-0.5398	0.5625	0.4896
[251]	[-0.0145]	1.3394	0.1875	0.2499
[252]	[-0.0220]	0.4993	0.5625	0.5506
[253]	[-0.0002]	0.0054	0.3750	0.4541
[254]	[-0.0044]	0.3237	0.5000	0.4908
[255]	[0.0116]	-0.3267	0.4375	0.3627
[256]	[-0.0069]	0.2284	0.4375	0.4493
[257]	[-0.0001]	0.0025	0.4375	0.5007
[258]	[0.0134]	-0.3437	0.4375	0.4123
[259]	[-0.0061]	0.1924	0.5625	0.4517
[260]	[0.0002]	-1.9623	0.2500	0.3220
[261]	[-0.0013]	0.2051	0.5625	0.5422
[262]	[-0.0276]	1.3238	0.3750	0.3245
[263]	[0.0324]	-0.8001	0.3125	0.3164
[264]	[-0.0101]	3.4134	0.1250	0.1673
[265]	[0.0029]	-0.3032	0.5000	0.4745
[266]	[0.0079]	-0.3377	0.3750	0.3386
[267]	[0.0011]	-0.1936	0.5625	0.4806
[268]	[0.0012]	-0.3034	0.4375	0.4752
[269]	[0.0283]	-0.5925	0.4375	0.4033
[270]	[-0.0272]	1.1362	0.2500	0.2986
[271]	[0.0044]	-0.3718	0.5000	0.4780
[272]	[-0.0095]	0.8775	0.4375	0.4330
[273]	[-0.0068]	0.2534	0.5625	0.4901
[274]	[0.0028]	-0.0754	0.5625	0.5449
[275]	[-0.0039]	0.2179	0.4375	0.3536
[276]	[0.0027]	-0.2953	0.3750	0.3159
[277]	[-0.0018]	0.1462	0.3125	0.4012
[278]	[-0.0105]	0.3420	0.3125	0.4177
[279]	[0.0172]	-0.4920	0.3750	0.3528
[280]	[0.0027]	-0.0567	0.6875	0.5606
[281]	[-0.0109]	0.4730	0.3750	0.4174
[282]	[-0.0007]	0.1845	0.5000	0.4315
[283]	[-0.0124]	0.1353	0.4375	0.4269
[284]	[-0.0076]	0.2206	0.2500	0.3564
[285]	[-0.0019]	0.0525	0.3750	0.4527
[286]	[0.0161]	-0.3352	0.4375	0.4267
[287]	[0.0005]	-0.0411	0.5000	0.5022
[288]	[0.0321]	-1.2879	0.3125	0.2912
[289]	[0.0195]	-0.8767	0.3750	0.3837
[290]	[0.0003]	-0.0059	0.5625	0.5640
[291]	[-0.0240]	0.5121	0.4375	0.4607
[292]	[-0.0164]	0.4595	0.5625	0.4552
[293]	[0.0278]	-0.3516	0.3750	0.3760
[294]	[-0.0135]	0.4553	0.4375	0.3804
[295]	[0.0176]	-0.3631	0.4375	0.4442
[296]	[0.0022]	-1.4155	0.4375	0.3927
[297]	[0.0069]	-0.8472	0.1875	0.2952
[298]	[0.0291]	-0.8489	0.3125	0.3972
[299]	[-0.0108]	0.4852	0.3125	0.4214
[300]	[0.0249]	-0.4624	0.3750	0.3913
[301]	[-0.0024]	0.1134	0.4375	0.4560
[302]	[0.0066]	-0.1456	0.4375	0.4648
[303]	[0.0051]	-0.1788	0.4375	0.4380
[304]	[0.0010]	-0.2947	0.4375	0.3530
[305]	[0.0472]	-4.3249	0.1250	0.1186
[306]	[-0.0212]	1.6935	0.2500	0.3168
[307]	[0.0026]	-0.9406	0.5000	0.4510
[308]	[0.0046]	-0.3855	0.4375	0.3735
[309]	[-0.0014]	1.0507	0.4375	0.4346
[310]	[-0.0272]	2.0235	0.1875	0.2895
[311]	[-0.0064]	0.3223	0.4375	0.3405
[312]	[0.0006]	-0.0225	0.5625	0.5135
[313]	[-0.0046]	0.6192	0.3125	0.2842
[314]	[0.0301]	-0.7674	0.5000	0.3732
[315]	[-0.0266]	1.9326	0.3125	0.3741
[316]	[0.0054]	-0.3833	0.3125	0.2373
[317]	[-0.0084]	1.7126	0.3125	0.3431
[318]	[0.0013]	-0.3205	0.3750	0.3916
[319]	[-0.0176]	0.3965	0.4375	0.4279
[320]	[0.0020]	-2.3005	0.1875	0.2366
[321]	[-0.0020]	0.8561	0.5000	0.4945
[322]	[-0.0000]	0.0014	0.3750	0.4310
[323]	[0.0118]	-0.2156	0.3750	0.3683
[324]	[0.0072]	-1.1465	0.3125	0.3075
[325]	[0.0005]	-0.0168	0.5625	0.5019
[326]	[-0.0019]	0.0580	0.4375	0.4781
[327]	[0.0183]	-1.7157	0.2500	0.2820
[328]	[-0.0004]	0.1239	0.5625	0.5417
[329]	[0.0069]	-1.0330	0.3750	0.3982
[330]	[-0.0071]	0.4259	0.5625	0.5103
[331]	[0.0143]	-0.3126	0.5000	0.5284
[332]	[-0.0017]	0.1998	0.3125	0.4013
[333]	[0.0060]	-0.7908	0.4375	0.4128
[334]	[-0.0168]	0.3594	0.3750	0.4104
[335]	[-0.0085]	0.2612	0.5000	0.4900
[336]	[-0.0018]	0.0603	0.3750	0.4082
[337]	[0.0112]	-1.9433	0.3750	0.3820
[338]	[-0.0207]	0.6088	0.1875	0.3088
[339]	[0.0093]	-0.2146	0.5625	0.5592
[340]	[0.0059]	-0.5382	0.3750	0.3887
[341]	[-0.0329]	0.6361	0.3750	0.4320
[342]	[-0.0423]	1.5488	0.3125	0.2953
[343]	[0.0070]	-0.1726	0.4375	0.4043
[344]	[-0.0154]	0.2542	0.5000	0.5071
[345]	[0.0228]	-0.4884	0.3750	0.3889
[346]	[-0.0042]	0.1099	0.4375	0.4917
[347]	[-0.0113]	0.6626	0.4375	0.3590
[348]	[-0.0042]	0.1164	0.5625	0.4945
[349]	[-0.0393]	3.3293	0.3125	0.2964
[350]	[0.0028]	-0.1091	0.5000	0.4640
[351]	[-0.0028]	0.1811	0.5000	0.3767
[352]	[-0.0027]	0.1912	0.4375	0.4284
[353]	[0.0634]	-2.0073	0.3125	0.2922
[354]	[0.0024]	-0.3741	0.3750	0.3106
[355]	[-0.0006]	0.0228	0.5000	0.5234
[356]	[-0.0105]	2.4615	0.4375	0.3964
[357]	[-0.0058]	0.1410	0.5625	0.5062
[358]	[-0.0075]	0.3987	0.3750	0.4015
[359]	[0.0298]	-0.6527	0.3750	0.4092
[360]	[-0.0102]	0.9486	0.4375	0.3931
[361]	[0.0085]	-0.2029	0.5000	0.4518
[362]	[-0.0139]	0.5350	0.3125	0.2653
[363]	[-0.0028]	0.1528	0.6250	0.4722
[364]	[0.0089]	-0.7776	0.3750	0.4265
[365]	[0.0089]	-0.1937	0.4375	0.4506
[366]	[-0.0030]	0.6057	0.5000	0.4941
[367]	[0.0050]	-0.9874	0.4375	0.3925
[368]	[0.0224]	-0.4363	0.4375	0.4345
[369]	[-0.0005]	0.5184	0.3125	0.3157
[370]	[0.0049]	-0.1307	0.3750	0.4242
[371]	[-0.0034]	0.1842	0.5000	0.4234
[372]	[0.0002]	-0.2787	0.3750	0.4445
[373]	[-0.0069]	0.5351	0.5000	0.5379
[374]	[0.0162]	-0.9718	0.2500	0.3032
[375]	[-0.0177]	0.7916	0.3750	0.3904
[376]	[0.0021]	-1.7786	0.4375	0.4333
[377]	[-0.0014]	0.0645	0.5000	0.4793
[378]	[0.0025]	-0.2679	0.4375	0.3646
[379]	[0.0016]	-1.9143	0.1875	0.2049
[380]	[-0.0011]	0.0921	0.4375	0.4741
[381]	[-0.0062]	0.8139	0.3750	0.4313
[382]	[0.0133]	-1.1550	0.3125	0.4210
[383]	[-0.0018]	0.0493	0.5000	0.4725
[384]	[0.0042]	-0.5099	0.3750	0.3534
[385]	[0.0385]	-2.5578	0.1875	0.2761
[386]	[-0.0272]	1.3312	0.1875	0.2489
[387]	[-0.0091]	0.2717	0.5625	0.5370
[388]	[0.0031]	-0.3679	0.5000	0.4308
[389]	[-0.0300]	0.7639	0.5000	0.4147
[390]	[-0.0032]	0.1001	0.4375	0.4366
[391]	[0.0232]	-1.3313	0.4375	0.4237
[392]	[0.0349]	-1.4827	0.1875	0.2468
[393]	[-0.0643]	2.9578	0.1875	0.2547
[394]	[0.0377]	-0.8645	0.3750	0.3836
[395]	[-0.0180]	0.7230	0.2500	0.2925
[396]	[0.0082]	-0.1741	0.5000	0.4665
[397]	[-0.0012]	0.1184	0.5000	0.4482
[398]	[0.0006]	-0.3872	0.4375	0.4492
[399]	[0.0299]	-0.6174	0.1875	0.2198
[400]	[-0.0023]	0.3620	0.4375	0.4366
[401]	[-0.0674]	1.5583	0.2500	0.2216
[402]	[0.0083]	-0.5043	0.3750	0.4315
[403]	[-0.0007]	0.0592	0.4375	0.4560
[404]	[0.0174]	-0.7403	0.3750	0.3293
[405]	[0.0017]	-0.0679	0.5000	0.4882
[406]	[-0.0016]	0.1576	0.3125	0.3800
[407]	[0.0188]	-1.3205	0.3125	0.3330
[408]	[0.0085]	-0.2473	0.3750	0.3993
[409]	[-0.0336]	1.0184	0.3125	0.3261
[410]	[0.0055]	-0.2069	0.3750	0.4038
[411]	[0.0191]	-0.7819	0.3750	0.3942
[412]	[0.0025]	-0.6220	0.3750	0.3478
[413]	[0.0002]	-0.4118	0.5000	0.3941
[414]	[0.0478]	-1.0114	0.1250	0.1829
[415]	[0.0034]	-0.3205	0.4375	0.3849
[416]	[0.0064]	-0.2362	0.5000	0.3868
[417]	[-0.0005]	0.0331	0.5625	0.5099
[418]	[-0.0145]	0.4954	0.3750	0.3824
[419]	[0.0051]	-0.2335	0.4375	0.4608
[420]	[0.0132]	-0.2814	0.3125	0.4151
[421]	[-0.0138]	0.2988	0.5625	0.5282
[422]	[-0.0291]	0.5379	0.3750	0.3913
[423]	[0.0008]	-0.1584	0.5000	0.4773
[424]	[0.0191]	-0.3318	0.4375	0.4299
[425]	[0.0138]	-0.5835	0.4375	0.4442
[426]	[0.0154]	-0.3076	0.3750	0.3942
[427]	[0.0222]	-2.7185	0.1250	0.2222
[428]	[-0.0195]	0.8830	0.3750	0.4183
[429]	[0.0179]	-0.3777	0.5625	0.5036
[430]	[0.0041]	-1.7330	0.3125	0.3169
[431]	[0.0004]	-0.0458	0.5000	0.4838
[432]	[-0.0332]	1.4516	0.3125	0.3120
[433]	[0.0015]	-0.0471	0.5000	0.4969
[434]	[0.0201]	-0.4500	0.3750	0.4166
[435]	[-0.0113]	0.3985	0.4375	0.4202
[436]	[0.0066]	-1.0275	0.3750	0.3350
[437]	[0.0283]	-2.2126	0.2500	0.2864
[438]	[0.0402]	-0.7420	0.2500	0.2217
[439]	[-0.0148]	0.5546	0.4375	0.3602
[440]	[0.0002]	-1.3333	0.5000	0.4429
[441]	[-0.0103]	0.4662	0.4375	0.4670
[442]	[0.0024]	-0.1325	0.5000	0.3542
[443]	[-0.0135]	0.6023	0.4375	0.4531
[444]	[0.0003]	-0.1270	0.5625	0.5290
[445]	[0.0001]	-0.0359	0.4375	0.4905
[446]	[-0.0506]	3.4401	0.2500	0.2488
[447]	[0.0168]	-0.8089	0.3125	0.3673
[448]	[0.0618]	-2.7873	0.1875	0.2322
[449]	[0.0033]	-1.3565	0.2500	0.3061
[450]	[-0.0038]	0.2424	0.4375	0.4722
[451]	[0.0073]	-0.8631	0.3750	0.4224
[452]	[0.0361]	-0.9559	0.1875	0.2366
[453]	[0.0049]	-1.4860	0.3125	0.3041
[454]	[0.0160]	-0.8108	0.4375	0.4276
[455]	[0.0011]	-0.0689	0.5000	0.4811
[456]	[0.0022]	-0.3852	0.5000	0.4453
[457]	[0.0409]	-0.8519	0.3750	0.3618
[458]	[0.0058]	-0.5861	0.5000	0.4454
[459]	[-0.0074]	0.5717	0.4375	0.4035
[460]	[-0.0024]	0.1599	0.5625	0.4686
[461]	[-0.0065]	0.1909	0.5000	0.4945
[462]	[-0.0179]	0.5569	0.5000	0.4208
[463]	[0.0265]	-1.0799	0.3125	0.3943
[464]	[-0.0066]	0.8681	0.3750	0.4061
