gene index	a_n	m	resub	bresub
[0]	[0.0021]	-3.4591	0.1739	0.1734
[1]	[-0.0021]	0.9247	0.3043	0.3043
[2]	[-0.0039]	1.7781	0.3478	0.3580
[3]	[-0.0068]	1.0426	0.3043	0.3043
[4]	[0.0238]	-1.2391	0.2174	0.2261
[5]	[0.0006]	0.6794	0.3043	0.3043
[6]	[-0.0006]	0.8478	0.3043	0.3043
[7]	[-0.0048]	1.7265	0.2609	0.2596
[8]	[0.0175]	-0.0779	0.3043	0.3154
[9]	[0.0031]	0.3353	0.3043	0.3044
[10]	[-0.0009]	0.8445	0.3043	0.3043
[11]	[0.0048]	0.1517	0.3043	0.2961
[12]	[-0.0004]	0.8817	0.3043	0.3043
[13]	[0.0228]	0.4185	0.3043	0.3044
[14]	[0.0254]	0.2967	0.3043	0.3347
[15]	[0.0367]	0.2724	0.3043	0.3065
[16]	[0.0179]	0.4070	0.3043	0.3051
[17]	[0.0175]	-0.0262	0.2609	0.2799
[18]	[0.0045]	-4.1922	0.1739	0.1690
[19]	[0.0199]	0.0346	0.3043	0.3044
[20]	[-0.0032]	1.0589	0.3043	0.3043
[21]	[0.0115]	0.5145	0.3043	0.3041
[22]	[-0.0168]	1.2741	0.2609	0.2648
[23]	[0.0144]	0.6145	0.3043	0.3058
[24]	[0.0077]	0.2327	0.3043	0.3292
[25]	[0.0078]	-1.0361	0.2609	0.2677
[26]	[-0.0015]	1.0636	0.3043	0.3043
[27]	[0.0003]	0.7944	0.3043	0.3043
[28]	[0.0017]	0.5825	0.3043	0.3072
[29]	[0.0224]	0.2015	0.3043	0.3133
[30]	[0.0134]	0.2334	0.3043	0.3172
[31]	[-0.0207]	2.4037	0.2609	0.2754
[32]	[-0.0003]	0.8991	0.3043	0.3043
[33]	[0.0406]	-0.0180	0.3043	0.2966
[34]	[0.0080]	0.5946	0.3043	0.3043
[35]	[0.0215]	-1.7025	0.2174	0.2377
[36]	[-0.0171]	1.2326	0.3043	0.3050
[37]	[-0.0045]	1.0863	0.2609	0.2752
[38]	[0.0129]	-0.3844	0.3478	0.3389
[39]	[0.0104]	-0.4737	0.1739	0.2002
[40]	[0.0265]	0.1730	0.3043	0.3117
[41]	[-0.0073]	1.1163	0.3043	0.3044
[42]	[0.0313]	-0.6304	0.1739	0.2193
[43]	[0.0441]	0.1865	0.3043	0.2510
[44]	[0.0022]	0.6056	0.3043	0.3043
[45]	[-0.0208]	1.5836	0.2174	0.2180
[46]	[-0.0009]	0.8806	0.3043	0.3043
[47]	[0.0077]	-0.1372	0.2174	0.2174
[48]	[0.0109]	-0.1388	0.2609	0.2634
[49]	[0.0177]	-0.8839	0.2174	0.2380
[50]	[-0.0088]	1.7389	0.2174	0.1996
[51]	[0.0070]	0.4760	0.3043	0.3043
[52]	[0.0239]	0.3559	0.3043	0.3044
[53]	[0.0255]	-0.7080	0.2609	0.2637
[54]	[0.0019]	0.4614	0.3043	0.3079
[55]	[-0.0139]	1.5101	0.2609	0.2548
[56]	[-0.0078]	1.1006	0.2609	0.2720
[57]	[0.0174]	0.4621	0.3043	0.3046
[58]	[0.0088]	0.4340	0.3043	0.3043
[59]	[0.0018]	0.7656	0.3043	0.3043
[60]	[0.0038]	0.1252	0.3043	0.3043
[61]	[0.0009]	0.2180	0.3043	0.3043
[62]	[-0.0249]	1.3521	0.2174	0.2222
[63]	[0.0008]	0.6538	0.3043	0.3044
[64]	[0.0037]	0.6908	0.3043	0.3043
[65]	[0.0644]	-0.1314	0.3043	0.3005
[66]	[-0.0038]	1.0297	0.3043	0.3045
[67]	[-0.0193]	1.9655	0.2174	0.1856
[68]	[0.0268]	0.3326	0.3043	0.2588
[69]	[0.0049]	0.4975	0.3043	0.3048
[70]	[0.0281]	0.2252	0.3043	0.2479
[71]	[-0.0037]	1.1858	0.3043	0.2996
[72]	[0.0005]	0.7838	0.3043	0.3043
[73]	[-0.0544]	2.8163	0.3043	0.2787
[74]	[0.0324]	-0.1250	0.1739	0.1964
[75]	[0.0168]	-0.2621	0.2174	0.2301
[76]	[0.0040]	0.6400	0.3043	0.3043
[77]	[0.0447]	-0.4779	0.2609	0.3008
[78]	[0.0129]	-0.0080	0.3043	0.3305
[79]	[0.0208]	0.3304	0.3043	0.3081
[80]	[0.0136]	0.1914	0.3043	0.3084
[81]	[0.0280]	-0.8121	0.2609	0.2625
[82]	[0.0060]	0.5336	0.3043	0.3043
[83]	[0.0007]	0.5710	0.3043	0.3043
[84]	[0.0168]	0.1150	0.3043	0.3000
[85]	[0.0144]	0.0218	0.3043	0.2581
[86]	[-0.0115]	1.4129	0.3478	0.3007
[87]	[0.0007]	0.7977	0.3043	0.3043
[88]	[0.0040]	0.2425	0.3043	0.2787
[89]	[0.0294]	-0.0503	0.2174	0.2690
[90]	[0.0017]	0.7992	0.3043	0.3043
[91]	[0.0041]	-0.2763	0.3478	0.3584
[92]	[0.0406]	0.2949	0.3043	0.3328
[93]	[0.0074]	0.5719	0.3043	0.3046
[94]	[-0.0387]	2.8749	0.2609	0.2027
[95]	[0.0034]	0.1922	0.3043	0.3054
[96]	[0.0203]	0.4050	0.3043	0.3043
[97]	[0.0114]	-1.1721	0.1304	0.1632
[98]	[0.0055]	0.2130	0.3043	0.3043
[99]	[-0.0082]	1.6037	0.1739	0.2139
[100]	[0.0007]	0.6039	0.3043	0.3043
[101]	[-0.0037]	0.9821	0.3043	0.3043
[102]	[-0.0049]	1.0163	0.3043	0.3041
[103]	[0.0041]	0.5350	0.3043	0.3043
[104]	[-0.0008]	0.8525	0.3043	0.3043
[105]	[-0.0103]	2.4076	0.2174	0.2203
[106]	[-0.0070]	1.4335	0.3478	0.3151
[107]	[0.0127]	0.2887	0.3043	0.3044
[108]	[-0.0040]	1.0951	0.3043	0.3043
[109]	[0.0246]	-1.2227	0.1739	0.1757
[110]	[0.0021]	0.7962	0.3043	0.3043
[111]	[0.0001]	0.8201	0.3043	0.3043
[112]	[-0.0007]	3.2855	0.1739	0.2054
[113]	[-0.0040]	0.8989	0.3043	0.3043
[114]	[0.0001]	0.8212	0.3043	0.3043
[115]	[0.0056]	0.4073	0.3043	0.3145
[116]	[-0.0046]	0.9230	0.3043	0.3043
[117]	[-0.0008]	0.8832	0.3043	0.3043
[118]	[0.0001]	0.5870	0.3043	0.3081
[119]	[0.0024]	0.6856	0.3043	0.3043
[120]	[0.0088]	0.2305	0.3043	0.3129
[121]	[0.0036]	0.3400	0.3043	0.3043
[122]	[-0.0180]	1.4024	0.2609	0.2536
[123]	[0.0357]	0.2996	0.3043	0.2788
[124]	[0.0091]	-0.5844	0.2174	0.2695
[125]	[-0.0071]	1.5648	0.2609	0.2737
[126]	[0.0141]	0.2578	0.3043	0.3013
[127]	[0.0151]	-0.7500	0.2174	0.2148
[128]	[0.0025]	0.6277	0.3043	0.3059
[129]	[0.0379]	0.4128	0.3043	0.3166
[130]	[0.0098]	-1.9149	0.2174	0.2225
[131]	[0.0030]	-0.7862	0.2174	0.2604
[132]	[0.0042]	-0.2481	0.3043	0.2934
[133]	[0.0212]	-0.2421	0.2609	0.2765
[134]	[-0.0082]	1.0611	0.3043	0.3043
[135]	[0.0008]	0.7958	0.3043	0.3043
[136]	[-0.0022]	1.5606	0.2174	0.2234
[137]	[0.0075]	-0.7992	0.2174	0.2367
[138]	[-0.0074]	1.1818	0.3043	0.3042
[139]	[-0.0069]	1.5010	0.3478	0.3324
[140]	[0.0206]	0.3887	0.3043	0.3043
[141]	[0.0133]	0.5295	0.3043	0.3090
[142]	[-0.0066]	0.9803	0.3043	0.3043
[143]	[-0.0034]	1.4950	0.3043	0.3018
[144]	[0.0018]	0.4782	0.3043	0.3043
[145]	[0.0001]	0.8171	0.3043	0.3043
[146]	[0.0237]	0.3584	0.3043	0.2984
[147]	[0.0034]	0.3459	0.3043	0.3201
[148]	[0.0066]	0.6521	0.3043	0.3043
[149]	[-0.0066]	1.2932	0.2609	0.2517
[150]	[0.0033]	0.2086	0.3043	0.3009
[151]	[-0.0004]	0.8655	0.3043	0.3043
[152]	[-0.0675]	3.7001	0.1304	0.1273
[153]	[0.0260]	0.5979	0.3043	0.3044
[154]	[0.0109]	-0.5482	0.2174	0.2545
[155]	[-0.0002]	0.8328	0.3043	0.3043
[156]	[0.0274]	-1.3847	0.1739	0.2131
[157]	[0.0064]	0.4305	0.3043	0.3042
[158]	[0.0084]	0.4912	0.3043	0.3043
[159]	[0.0135]	-1.3466	0.1739	0.1947
[160]	[-0.0054]	2.1551	0.2174	0.1995
[161]	[0.0163]	0.1884	0.3043	0.2922
[162]	[0.0272]	-1.2181	0.2609	0.2532
[163]	[0.0016]	0.7454	0.3043	0.3043
[164]	[-0.0050]	1.1824	0.3043	0.3028
[165]	[0.0001]	0.7629	0.3043	0.3043
[166]	[-0.0172]	2.3038	0.1739	0.1821
[167]	[0.0123]	-0.9113	0.3043	0.2931
[168]	[-0.0130]	1.1624	0.2609	0.2653
[169]	[-0.0005]	0.8404	0.3043	0.3043
[170]	[-0.0000]	0.8277	0.3043	0.3043
[171]	[0.0007]	0.6456	0.3043	0.3043
[172]	[0.0254]	-2.0942	0.2609	0.2369
[173]	[0.0297]	-0.5038	0.2609	0.2338
[174]	[0.0143]	-0.2333	0.3478	0.3232
[175]	[0.0062]	0.6804	0.3043	0.3043
[176]	[0.0040]	0.6216	0.3043	0.3058
[177]	[-0.0413]	3.1401	0.2174	0.1992
[178]	[0.0253]	-0.7706	0.2609	0.2423
[179]	[-0.0012]	0.9124	0.3043	0.3043
[180]	[0.0108]	0.5096	0.3043	0.3043
[181]	[-0.0254]	1.7239	0.2609	0.2754
[182]	[0.0081]	-2.2471	0.2609	0.2551
[183]	[-0.0015]	1.0383	0.3043	0.3043
[184]	[0.0140]	0.3617	0.3043	0.2975
[185]	[-0.0272]	1.8330	0.2609	0.2735
[186]	[-0.0214]	3.0654	0.2174	0.2116
[187]	[-0.0000]	0.8414	0.3043	0.3043
[188]	[-0.0128]	1.4259	0.3043	0.2963
[189]	[-0.0013]	0.9119	0.3043	0.3043
[190]	[0.0071]	0.5428	0.3043	0.3043
[191]	[0.0238]	-0.7526	0.2174	0.2120
[192]	[0.0147]	0.5185	0.3043	0.3172
[193]	[-0.0037]	0.9613	0.3043	0.3043
[194]	[-0.0463]	2.0513	0.2174	0.2006
[195]	[-0.0354]	2.3265	0.3478	0.3213
[196]	[-0.0245]	1.5497	0.2609	0.2353
[197]	[0.0501]	-0.9393	0.0870	0.1019
[198]	[0.0123]	-0.4247	0.3043	0.3090
[199]	[-0.0082]	1.3186	0.3043	0.3016
[200]	[0.0150]	0.6529	0.3043	0.3044
[201]	[0.0076]	-0.9413	0.2609	0.2532
[202]	[0.0027]	0.5787	0.3043	0.3044
[203]	[0.0017]	0.7404	0.3043	0.3043
[204]	[0.0114]	-0.7776	0.1304	0.1666
[205]	[0.0053]	0.7191	0.3043	0.3044
[206]	[-0.0061]	1.4321	0.2609	0.2185
[207]	[0.0107]	0.5188	0.3043	0.3043
[208]	[0.0077]	0.6461	0.3043	0.3043
[209]	[0.0077]	-1.0212	0.2174	0.2293
[210]	[0.0105]	0.3433	0.3043	0.3041
[211]	[0.0147]	0.0495	0.3043	0.3031
[212]	[0.0008]	0.4181	0.3043	0.3044
[213]	[0.0003]	0.6329	0.3043	0.3061
[214]	[0.0045]	0.6636	0.3043	0.3048
[215]	[-0.0432]	2.6316	0.2174	0.2087
[216]	[-0.0098]	1.3692	0.2609	0.2530
[217]	[0.0118]	0.0897	0.3043	0.3275
[218]	[0.0015]	0.5598	0.3043	0.3044
[219]	[-0.0026]	0.9787	0.3043	0.3043
[220]	[0.0138]	0.0311	0.3043	0.3047
[221]	[-0.0167]	1.8050	0.2609	0.2580
[222]	[-0.0121]	2.2906	0.1739	0.1697
[223]	[0.0014]	0.5929	0.3043	0.3052
[224]	[-0.0114]	1.3585	0.2609	0.2552
[225]	[-0.0001]	0.8289	0.3043	0.3043
[226]	[0.0144]	0.4910	0.3043	0.3100
[227]	[0.0274]	-0.6177	0.2174	0.2089
[228]	[0.0104]	0.2019	0.3043	0.2984
[229]	[0.0009]	0.7388	0.3043	0.3043
[230]	[0.0062]	0.4276	0.3043	0.3049
[231]	[-0.0004]	0.8431	0.3043	0.3043
[232]	[0.0117]	0.4698	0.3043	0.3000
[233]	[0.0035]	-0.0135	0.3043	0.2899
[234]	[-0.0030]	1.0086	0.3043	0.3043
[235]	[0.0139]	-0.4963	0.2609	0.2350
[236]	[-0.0464]	3.3516	0.2174	0.2033
[237]	[0.0106]	0.0959	0.3043	0.3045
[238]	[-0.0235]	1.8759	0.2174	0.2141
[239]	[0.0632]	-0.3940	0.1739	0.1956
[240]	[-0.0027]	1.0056	0.3043	0.3043
[241]	[0.0006]	0.6581	0.3043	0.3051
[242]	[0.0062]	0.5170	0.3043	0.3042
[243]	[-0.0198]	1.4967	0.2609	0.2674
[244]	[0.0142]	0.3515	0.3043	0.3043
[245]	[0.0403]	-0.6997	0.2174	0.1960
[246]	[0.0015]	0.7970	0.3043	0.3043
[247]	[-0.0106]	1.0919	0.2609	0.2618
[248]	[-0.0050]	1.0626	0.3043	0.3003
[249]	[0.0000]	0.6438	0.3043	0.3043
[250]	[-0.0008]	0.8641	0.3043	0.3043
[251]	[-0.0161]	3.1059	0.2174	0.1786
[252]	[-0.0419]	2.0288	0.2174	0.2331
[253]	[0.0058]	0.6478	0.3043	0.3043
[254]	[0.0096]	0.2825	0.3043	0.3012
[255]	[0.0140]	0.2877	0.3043	0.3122
[256]	[0.0222]	0.0376	0.3043	0.2929
[257]	[-0.0012]	0.8598	0.3043	0.3043
[258]	[0.0021]	0.7728	0.3043	0.3043
[259]	[-0.0088]	1.1863	0.3043	0.2936
[260]	[0.0004]	-1.4646	0.1739	0.2009
[261]	[0.0074]	-0.0447	0.3043	0.2893
[262]	[-0.0188]	1.8510	0.2609	0.2807
[263]	[-0.0106]	1.1959	0.3043	0.2862
[264]	[-0.0099]	4.3927	0.2609	0.2595
[265]	[0.0024]	0.6078	0.3043	0.3043
[266]	[0.0085]	0.6655	0.3043	0.3048
[267]	[0.0061]	-0.1185	0.2609	0.2611
[268]	[0.0049]	-0.1248	0.2609	0.2779
[269]	[0.0278]	0.4901	0.3043	0.3050
[270]	[-0.0048]	1.0186	0.3043	0.3043
[271]	[-0.0008]	0.8892	0.3043	0.3043
[272]	[0.0273]	-1.1341	0.1304	0.1833
[273]	[0.0167]	0.4560	0.3043	0.3043
[274]	[-0.0060]	1.0522	0.2609	0.2799
[275]	[-0.0180]	1.7586	0.2174	0.2315
[276]	[0.0025]	0.7012	0.3043	0.3045
[277]	[-0.0030]	1.0526	0.3043	0.3077
[278]	[-0.0101]	1.3514	0.3043	0.2966
[279]	[0.0164]	0.3040	0.3043	0.3043
[280]	[-0.0186]	1.3066	0.3043	0.2870
[281]	[-0.0026]	0.9439	0.3043	0.3043
[282]	[-0.0008]	0.9823	0.3043	0.3043
[283]	[0.0889]	0.4839	0.3043	0.3053
[284]	[-0.0055]	1.0245	0.3043	0.3043
[285]	[0.0076]	0.5885	0.3043	0.3043
[286]	[-0.0315]	1.8981	0.2609	0.2731
[287]	[0.0097]	0.1768	0.3043	0.2862
[288]	[0.0272]	0.2711	0.3043	0.3434
[289]	[0.0560]	-1.1816	0.1739	0.1962
[290]	[-0.0044]	0.9269	0.3043	0.3043
[291]	[-0.0194]	1.2048	0.2609	0.2769
[292]	[-0.0333]	1.8859	0.2174	0.2050
[293]	[0.0170]	0.5933	0.3043	0.3043
[294]	[0.0115]	0.5192	0.3043	0.3043
[295]	[0.0128]	0.4823	0.3043	0.3004
[296]	[0.0023]	-0.0077	0.3043	0.3318
[297]	[-0.0016]	1.1897	0.2609	0.2665
[298]	[0.0003]	0.8187	0.3043	0.3043
[299]	[0.0110]	0.5146	0.3043	0.3043
[300]	[-0.0115]	1.3971	0.2609	0.2320
[301]	[-0.0071]	1.1958	0.3043	0.3028
[302]	[-0.0047]	1.0041	0.3043	0.3016
[303]	[-0.0245]	1.8175	0.2174	0.2442
[304]	[0.0012]	0.6702	0.3043	0.3047
[305]	[0.0099]	0.0846	0.3043	0.2773
[306]	[0.0124]	0.1305	0.3043	0.3084
[307]	[0.0096]	-1.1420	0.1739	0.1918
[308]	[0.0049]	0.6076	0.3043	0.3049
[309]	[0.0016]	-0.1743	0.2609	0.2666
[310]	[0.0110]	0.2090	0.3043	0.3043
[311]	[-0.0023]	0.8926	0.3043	0.3043
[312]	[0.0101]	0.4631	0.3043	0.3043
[313]	[-0.0081]	1.4222	0.3043	0.2836
[314]	[0.0106]	0.6218	0.3043	0.3043
[315]	[0.0116]	0.2465	0.3043	0.2954
[316]	[0.0028]	0.6802	0.3043	0.3043
[317]	[-0.0053]	1.7298	0.3043	0.2925
[318]	[-0.0016]	1.2540	0.3043	0.3043
[319]	[0.0161]	0.5726	0.3043	0.3035
[320]	[0.0025]	-1.3323	0.1304	0.1638
[321]	[-0.0064]	4.0672	0.2174	0.2238
[322]	[0.0007]	0.7425	0.3043	0.3043
[323]	[-0.0405]	1.8077	0.2174	0.2171
[324]	[0.0096]	-0.1461	0.2174	0.2100
[325]	[0.0023]	0.7696	0.3043	0.3043
[326]	[-0.0226]	1.5585	0.3043	0.2808
[327]	[-0.0033]	1.1134	0.3043	0.3043
[328]	[0.0088]	-1.1848	0.2174	0.2241
[329]	[0.0315]	-1.2796	0.0435	0.0982
[330]	[0.0009]	0.7703	0.3043	0.3043
[331]	[0.0159]	0.5567	0.3043	0.3043
[332]	[0.0101]	-0.1306	0.3043	0.2470
[333]	[0.0051]	0.3150	0.3043	0.3048
[334]	[-0.0201]	1.2115	0.2174	0.2372
[335]	[-0.0032]	1.2168	0.2609	0.2384
[336]	[0.0007]	0.8041	0.3043	0.3043
[337]	[-0.0021]	1.3616	0.3478	0.3295
[338]	[-0.0141]	1.3660	0.2609	0.2624
[339]	[0.0116]	0.5455	0.3043	0.3043
[340]	[0.0032]	0.5655	0.3043	0.3043
[341]	[-0.0575]	3.0608	0.2174	0.1982
[342]	[-0.0277]	1.6921	0.2609	0.2581
[343]	[0.0391]	-0.0279	0.3043	0.2867
[344]	[-0.0239]	1.3688	0.2609	0.2742
[345]	[-0.0130]	1.1472	0.3043	0.3041
[346]	[0.0247]	0.2555	0.3043	0.2976
[347]	[-0.0105]	1.8364	0.2174	0.1990
[348]	[-0.0086]	1.1492	0.3043	0.3020
[349]	[0.0280]	-1.0430	0.2609	0.2646
[350]	[0.0108]	0.4355	0.3043	0.3043
[351]	[-0.0006]	0.8504	0.3043	0.3043
[352]	[-0.0036]	1.0687	0.2609	0.2756
[353]	[0.0603]	-0.7606	0.1304	0.1699
[354]	[0.0021]	0.6597	0.3043	0.3049
[355]	[-0.0046]	1.0193	0.3043	0.3043
[356]	[-0.0036]	1.6239	0.2174	0.2515
[357]	[-0.0147]	1.2862	0.2609	0.2511
[358]	[0.0011]	0.7781	0.3043	0.3043
[359]	[0.0068]	0.6870	0.3043	0.3043
[360]	[-0.0000]	0.8268	0.3043	0.3043
[361]	[0.0269]	0.3714	0.3043	0.3049
[362]	[-0.0008]	0.8680	0.3043	0.3043
[363]	[0.0030]	0.7019	0.3043	0.3043
[364]	[0.0059]	0.1034	0.3043	0.2962
[365]	[-0.0170]	1.4331	0.3043	0.3038
[366]	[0.0074]	0.1303	0.3043	0.2921
[367]	[0.0126]	-0.6658	0.1304	0.1750
[368]	[-0.0190]	1.3432	0.3043	0.2983
[369]	[0.0002]	0.7079	0.3043	0.3044
[370]	[0.0216]	0.3845	0.3043	0.3011
[371]	[0.0246]	0.2084	0.3043	0.3210
[372]	[0.0064]	-7.4654	0.0435	0.0777
[373]	[-0.0020]	1.0608	0.3043	0.3043
[374]	[0.0147]	0.1607	0.3043	0.3054
[375]	[-0.0049]	1.0803	0.3043	0.3043
[376]	[0.0013]	-0.1007	0.3043	0.2642
[377]	[0.0278]	0.2221	0.3043	0.3049
[378]	[0.0022]	0.7156	0.3043	0.3045
[379]	[0.0007]	0.2186	0.3043	0.3065
[380]	[0.0012]	0.7026	0.3043	0.3043
[381]	[-0.0035]	1.3144	0.3043	0.3043
[382]	[0.0046]	0.4382	0.3043	0.3043
[383]	[-0.0047]	0.9522	0.3043	0.3043
[384]	[0.0038]	0.5861	0.3043	0.3070
[385]	[0.0203]	-0.4625	0.2609	0.2466
[386]	[-0.0144]	1.7436	0.2609	0.2674
[387]	[0.0213]	0.3541	0.3043	0.3028
[388]	[0.0034]	0.4697	0.3043	0.3048
[389]	[-0.0076]	1.0031	0.3043	0.3043
[390]	[0.0019]	0.7349	0.3043	0.3043
[391]	[0.0191]	-0.0139	0.2174	0.2572
[392]	[0.0312]	-0.1355	0.2174	0.2506
[393]	[-0.0089]	1.3283	0.3478	0.3397
[394]	[-0.0169]	1.3013	0.3043	0.2915
[395]	[-0.0214]	2.0768	0.1739	0.1759
[396]	[0.0169]	0.6431	0.3043	0.3043
[397]	[0.0043]	0.4094	0.3043	0.3042
[398]	[0.0079]	-2.5047	0.1304	0.1753
[399]	[0.0203]	0.4855	0.3043	0.3079
[400]	[0.0012]	0.6377	0.3043	0.3043
[401]	[-0.0059]	1.1961	0.3043	0.2964
[402]	[-0.0078]	1.3215	0.3043	0.3043
[403]	[0.0236]	-0.5798	0.3043	0.2866
[404]	[0.0112]	0.4631	0.3043	0.3062
[405]	[-0.0101]	1.3545	0.3043	0.3043
[406]	[-0.0097]	1.8651	0.1739	0.1896
[407]	[0.0065]	0.4656	0.3043	0.3043
[408]	[-0.0038]	0.9397	0.3043	0.3043
[409]	[-0.0077]	0.9752	0.3043	0.3043
[410]	[-0.0121]	1.3892	0.2609	0.2522
[411]	[0.0193]	0.2634	0.3043	0.3062
[412]	[0.0029]	0.4960	0.3043	0.3163
[413]	[0.0002]	0.6025	0.3043	0.3045
[414]	[0.0472]	0.0494	0.3043	0.3171
[415]	[0.0046]	0.5922	0.3043	0.3066
[416]	[0.0060]	0.7180	0.3043	0.3043
[417]	[0.0012]	0.7752	0.3043	0.3043
[418]	[-0.0188]	1.4643	0.2609	0.2575
[419]	[0.0181]	0.2891	0.3043	0.3150
[420]	[0.0460]	0.1259	0.3043	0.2507
[421]	[-0.0295]	1.9342	0.2609	0.2142
[422]	[0.0038]	0.7658	0.3043	0.3043
[423]	[0.0030]	0.2924	0.3043	0.3043
[424]	[0.0201]	0.5976	0.3043	0.3044
[425]	[0.0131]	0.1625	0.3043	0.3062
[426]	[0.0058]	0.6830	0.3043	0.3043
[427]	[0.0132]	-0.6264	0.3478	0.3128
[428]	[-0.0140]	1.3150	0.2609	0.2754
[429]	[0.0058]	0.7046	0.3043	0.3043
[430]	[0.0071]	-1.6280	0.1739	0.1790
[431]	[-0.0019]	1.0292	0.3043	0.3043
[432]	[0.0001]	0.8199	0.3043	0.3043
[433]	[0.0284]	0.2404	0.3043	0.2982
[434]	[-0.0151]	1.1611	0.3043	0.2992
[435]	[0.0022]	0.7620	0.3043	0.3043
[436]	[-0.0001]	0.8378	0.3043	0.3043
[437]	[0.0010]	0.7409	0.3043	0.3043
[438]	[0.0222]	0.5114	0.3043	0.3043
[439]	[0.0039]	0.6388	0.3043	0.3043
[440]	[0.0002]	-0.7647	0.3043	0.3215
[441]	[-0.0114]	1.3941	0.3043	0.3039
[442]	[-0.0014]	0.9291	0.3043	0.3037
[443]	[-0.0109]	1.4952	0.3478	0.3262
[444]	[0.0045]	-0.8788	0.2174	0.2368
[445]	[0.0130]	-1.4316	0.0435	0.0669
[446]	[-0.0123]	1.9239	0.2609	0.2717
[447]	[0.0001]	0.8204	0.3043	0.3043
[448]	[0.0562]	-0.8366	0.2174	0.1815
[449]	[0.0040]	-0.2919	0.3043	0.3438
[450]	[-0.0027]	1.0661	0.3043	0.3039
[451]	[-0.0009]	0.9246	0.3043	0.3043
[452]	[0.0374]	0.0826	0.3043	0.2522
[453]	[0.0026]	0.2593	0.3043	0.3009
[454]	[0.0176]	0.3132	0.3043	0.2878
[455]	[-0.0104]	1.7150	0.2609	0.2197
[456]	[0.0029]	0.4978	0.3043	0.3043
[457]	[0.0026]	0.7654	0.3043	0.3043
[458]	[-0.0015]	0.9549	0.3043	0.3043
[459]	[-0.0080]	1.3112	0.3478	0.3424
[460]	[0.0266]	-0.1261	0.2609	0.2842
[461]	[0.0111]	0.5851	0.3043	0.3042
[462]	[-0.0311]	1.9713	0.2609	0.2436
[463]	[-0.0039]	1.0454	0.3043	0.3043
[464]	[-0.0008]	0.9340	0.3043	0.3043
