gene index	a_n	m	resub	bresub
[0]	[0.0034]	-7.2806	0.1333	0.1022
[1]	[0.0020]	0.0363	0.4667	0.4102
[2]	[-0.0023]	0.7277	0.4667	0.5005
[3]	[-0.0198]	0.7304	0.5333	0.4751
[4]	[0.0337]	-2.5023	0.2000	0.2412
[5]	[0.0004]	0.0475	0.4667	0.4659
[6]	[0.0064]	-0.1029	0.4000	0.4635
[7]	[-0.0051]	1.0306	0.3333	0.2601
[8]	[0.0307]	-1.1711	0.2667	0.3378
[9]	[0.0011]	-0.0146	0.4000	0.4673
[10]	[0.0119]	-0.1375	0.4000	0.3870
[11]	[0.0049]	-0.6010	0.4000	0.4217
[12]	[-0.0014]	0.3124	0.4667	0.4584
[13]	[0.0412]	-0.6077	0.6000	0.5193
[14]	[0.0321]	-0.8140	0.2000	0.1731
[15]	[0.0590]	-0.7886	0.2667	0.2721
[16]	[0.0255]	-0.6376	0.3333	0.3374
[17]	[0.0372]	-1.8034	0.3333	0.3223
[18]	[0.0075]	-7.8560	0.1333	0.1900
[19]	[0.0187]	-0.4948	0.3333	0.3719
[20]	[0.0033]	-0.1327	0.4667	0.5068
[21]	[0.0097]	-0.1202	0.3333	0.3712
[22]	[-0.0114]	0.4445	0.3333	0.4000
[23]	[0.0253]	-0.5556	0.2000	0.2020
[24]	[0.0092]	-0.7839	0.1333	0.2009
[25]	[0.0110]	-2.6851	0.2000	0.3210
[26]	[0.0036]	-0.4724	0.5333	0.4611
[27]	[-0.0054]	0.6549	0.3333	0.4041
[28]	[0.0018]	-0.2368	0.2000	0.2108
[29]	[0.0358]	-1.1689	0.2667	0.2351
[30]	[0.0124]	-0.4823	0.2000	0.2965
[31]	[-0.0318]	2.3696	0.1333	0.2302
[32]	[-0.0011]	0.4181	0.4000	0.4135
[33]	[0.0530]	-0.8686	0.2000	0.2302
[34]	[0.0132]	-0.3260	0.4667	0.3988
[35]	[0.0143]	-1.5220	0.3333	0.3380
[36]	[-0.0483]	1.0844	0.3333	0.3181
[37]	[-0.0008]	0.1852	0.4000	0.4141
[38]	[0.0163]	-1.4952	0.4000	0.3488
[39]	[0.0100]	-1.0339	0.2000	0.2774
[40]	[0.0146]	-0.1524	0.4000	0.4267
[41]	[0.0103]	-0.3691	0.3333	0.4220
[42]	[0.0362]	-1.3119	0.2667	0.2974
[43]	[0.0373]	-0.3541	0.4000	0.3601
[44]	[-0.0000]	0.1349	0.4667	0.4667
[45]	[-0.0370]	1.2030	0.2667	0.2654
[46]	[-0.0015]	0.2247	0.4667	0.4448
[47]	[0.0060]	-0.6221	0.2667	0.3253
[48]	[0.0215]	-2.2247	0.3333	0.3020
[49]	[0.0277]	-2.9902	0.2667	0.2568
[50]	[-0.0049]	0.6791	0.3333	0.3199
[51]	[0.0107]	-0.6332	0.3333	0.3059
[52]	[0.0267]	-0.4408	0.4667	0.4560
[53]	[0.0659]	-4.7500	0.1333	0.1661
[54]	[0.0025]	-0.5112	0.2667	0.2063
[55]	[-0.0093]	0.6106	0.3333	0.3801
[56]	[-0.0108]	0.4723	0.4667	0.3758
[57]	[0.0361]	-0.6090	0.4000	0.3618
[58]	[0.0095]	-0.3003	0.4667	0.4606
[59]	[-0.0050]	0.2880	0.5333	0.5178
[60]	[0.0067]	-1.1515	0.3333	0.3832
[61]	[0.0015]	-0.8658	0.4667	0.4637
[62]	[-0.0166]	0.5033	0.4000	0.3733
[63]	[0.0010]	-0.1714	0.4667	0.3677
[64]	[0.0272]	-1.0341	0.2667	0.3293
[65]	[0.0554]	-0.7132	0.3333	0.3342
[66]	[0.0014]	0.0483	0.4667	0.4946
[67]	[-0.0135]	0.8993	0.2667	0.2314
[68]	[0.0372]	-0.6242	0.2000	0.2709
[69]	[0.0046]	-0.2125	0.4667	0.3838
[70]	[0.0357]	-0.5212	0.2000	0.2613
[71]	[0.0020]	-0.1039	0.4667	0.4707
[72]	[-0.0119]	1.0288	0.4000	0.3808
[73]	[-0.0603]	2.2647	0.2667	0.2928
[74]	[0.0350]	-0.8650	0.2667	0.2462
[75]	[0.0234]	-1.5867	0.2000	0.3024
[76]	[0.0172]	-0.8275	0.3333	0.3910
[77]	[0.0612]	-1.5453	0.2000	0.2192
[78]	[0.0115]	-0.5547	0.4667	0.4335
[79]	[0.0346]	-0.6706	0.3333	0.3959
[80]	[0.0327]	-1.8465	0.1333	0.1932
[81]	[0.0417]	-2.7641	0.1333	0.1737
[82]	[0.0124]	-0.5969	0.4000	0.4007
[83]	[-0.0019]	0.6842	0.3333	0.3281
[84]	[0.0238]	-1.1006	0.3333	0.3409
[85]	[0.0179]	-1.0238	0.2000	0.2878
[86]	[-0.0187]	1.0198	0.3333	0.3380
[87]	[-0.0331]	0.9300	0.2667	0.2277
[88]	[0.0080]	-1.3341	0.2667	0.2844
[89]	[0.0329]	-0.8379	0.2667	0.3002
[90]	[0.0088]	-0.0356	0.3333	0.3853
[91]	[0.0113]	-3.4795	0.1333	0.1946
[92]	[0.0859]	-1.5550	0.1333	0.1265
[93]	[0.0214]	-0.4340	0.2000	0.3365
[94]	[-0.0245]	1.5018	0.3333	0.3477
[95]	[0.0038]	-0.6226	0.4000	0.3598
[96]	[0.0770]	-2.0204	0.2667	0.2959
[97]	[0.0123]	-2.2773	0.2000	0.2268
[98]	[0.0089]	-0.9335	0.2667	0.2801
[99]	[-0.0078]	0.7802	0.2667	0.2430
[100]	[0.0005]	-0.0113	0.4667	0.4349
[101]	[-0.0230]	0.9246	0.2667	0.3222
[102]	[-0.0154]	0.6396	0.4000	0.3221
[103]	[0.0102]	-0.6839	0.4000	0.3508
[104]	[-0.0071]	0.3367	0.4667	0.4022
[105]	[-0.0098]	1.5912	0.2000	0.2606
[106]	[-0.0190]	1.6170	0.3333	0.3233
[107]	[0.0026]	0.0282	0.4667	0.4814
[108]	[-0.0085]	0.6802	0.4667	0.4168
[109]	[0.0263]	-2.2108	0.1333	0.1873
[110]	[-0.0027]	0.1720	0.4667	0.4575
[111]	[-0.0107]	0.6490	0.3333	0.3865
[112]	[-0.0004]	1.6614	0.2667	0.2997
[113]	[-0.0031]	0.1908	0.4667	0.4667
[114]	[-0.0058]	0.5725	0.4667	0.4942
[115]	[0.0074]	-0.7191	0.2000	0.1733
[116]	[-0.0160]	0.4204	0.3333	0.3351
[117]	[-0.0069]	0.5549	0.4667	0.4350
[118]	[0.0001]	-0.4100	0.2667	0.2023
[119]	[-0.0063]	0.4201	0.4000	0.4141
[120]	[0.0234]	-1.9001	0.3333	0.2691
[121]	[0.0069]	-0.8898	0.4000	0.4102
[122]	[-0.0266]	0.8474	0.2667	0.2981
[123]	[0.0386]	-0.4187	0.4000	0.3408
[124]	[0.0119]	-1.9861	0.1333	0.2496
[125]	[-0.0062]	0.7886	0.5333	0.4759
[126]	[0.0204]	-0.7158	0.4000	0.3801
[127]	[0.0312]	-4.1887	0.0667	0.0845
[128]	[0.0031]	-0.2330	0.2667	0.2113
[129]	[0.0374]	-0.3427	0.2667	0.2824
[130]	[0.0102]	-2.8944	0.2667	0.2563
[131]	[0.0047]	-2.4696	0.4000	0.3607
[132]	[0.0053]	-1.3187	0.3333	0.3509
[133]	[0.0228]	-1.0987	0.3333	0.3536
[134]	[0.0053]	-0.0394	0.4667	0.4883
[135]	[-0.0085]	0.4239	0.4667	0.4092
[136]	[-0.0014]	0.6024	0.4000	0.3505
[137]	[0.0095]	-2.0698	0.2000	0.2695
[138]	[-0.0082]	0.5150	0.3333	0.3753
[139]	[-0.0301]	2.6680	0.1333	0.1563
[140]	[0.0193]	-0.2725	0.5333	0.5124
[141]	[0.0168]	-0.4248	0.2667	0.2693
[142]	[-0.0131]	0.4181	0.3333	0.3565
[143]	[-0.0051]	1.0790	0.5333	0.4784
[144]	[0.0013]	-0.1272	0.2667	0.4021
[145]	[0.0048]	-0.2423	0.4000	0.4217
[146]	[0.0289]	-0.4145	0.4667	0.4047
[147]	[0.0051]	-0.9386	0.1333	0.1636
[148]	[0.0238]	-0.6188	0.3333	0.3649
[149]	[-0.0070]	0.5818	0.4000	0.3570
[150]	[0.0045]	-0.8779	0.3333	0.3385
[151]	[0.0036]	-0.2161	0.3333	0.3493
[152]	[-0.0535]	2.3057	0.1333	0.1535
[153]	[0.0407]	-0.3734	0.3333	0.3494
[154]	[0.0063]	-0.6375	0.5333	0.4701
[155]	[-0.0172]	0.6226	0.4000	0.4221
[156]	[0.0498]	-4.1385	0.2000	0.1770
[157]	[0.0044]	-0.1007	0.3333	0.3873
[158]	[0.0130]	-0.4526	0.4667	0.4374
[159]	[0.0151]	-2.6064	0.1333	0.1490
[160]	[-0.0032]	0.9697	0.3333	0.2747
[161]	[0.0274]	-1.2462	0.3333	0.2914
[162]	[0.0821]	-6.7463	0.2000	0.1495
[163]	[0.0041]	-0.0759	0.5333	0.5500
[164]	[-0.0007]	0.1869	0.4667	0.4664
[165]	[-0.0001]	0.1997	0.4667	0.4666
[166]	[-0.0110]	1.0864	0.4000	0.3641
[167]	[0.0104]	-1.3499	0.4000	0.3523
[168]	[0.0009]	0.1037	0.4667	0.4667
[169]	[-0.0048]	0.2622	0.3333	0.3683
[170]	[-0.0000]	0.1434	0.4667	0.4667
[171]	[-0.0002]	0.1823	0.4667	0.4667
[172]	[0.0201]	-2.1853	0.1333	0.3040
[173]	[0.0271]	-0.9196	0.4667	0.4051
[174]	[0.0213]	-1.7498	0.2667	0.2469
[175]	[0.0089]	-0.0775	0.5333	0.5399
[176]	[0.0052]	-0.2956	0.2000	0.2134
[177]	[-0.0310]	1.9395	0.2667	0.3067
[178]	[0.0229]	-1.3080	0.4000	0.4236
[179]	[-0.0036]	0.3584	0.5333	0.4618
[180]	[0.0245]	-0.6729	0.2667	0.2762
[181]	[-0.0385]	1.4623	0.4000	0.3497
[182]	[0.0246]	-10.5113	0.0667	0.0932
[183]	[0.0049]	-0.6021	0.4000	0.4179
[184]	[0.0195]	-0.5855	0.4000	0.3664
[185]	[-0.0567]	1.9257	0.1333	0.2556
[186]	[-0.0127]	1.5476	0.4000	0.3382
[187]	[-0.0001]	0.2449	0.5333	0.4873
[188]	[-0.0218]	1.0172	0.3333	0.3078
[189]	[0.0075]	-0.4187	0.6000	0.4645
[190]	[0.0093]	-0.4882	0.2667	0.2445
[191]	[0.0195]	-0.9359	0.2000	0.2971
[192]	[0.0196]	-0.5327	0.2000	0.1870
[193]	[-0.0024]	0.2191	0.4000	0.4037
[194]	[-0.0302]	0.9536	0.2667	0.3041
[195]	[-0.0746]	3.1605	0.4000	0.3358
[196]	[-0.0184]	0.6831	0.3333	0.3453
[197]	[0.1070]	-3.1342	0.2667	0.1625
[198]	[0.0196]	-1.9941	0.2667	0.3368
[199]	[-0.0040]	0.3884	0.4667	0.4345
[200]	[0.0214]	-0.2797	0.3333	0.2699
[201]	[0.0083]	-1.8772	0.3333	0.2806
[202]	[0.0044]	-0.4278	0.4000	0.3381
[203]	[0.0106]	-0.4872	0.4000	0.4512
[204]	[0.0145]	-2.4229	0.1333	0.1560
[205]	[0.0078]	-0.1850	0.1333	0.2128
[206]	[-0.0038]	0.5168	0.3333	0.2655
[207]	[0.0112]	-0.1604	0.3333	0.3261
[208]	[-0.0030]	0.1921	0.4667	0.4753
[209]	[0.0093]	-2.1664	0.2000	0.2444
[210]	[0.0157]	-0.6052	0.4000	0.4238
[211]	[0.0200]	-1.1054	0.2667	0.2780
[212]	[0.0007]	-0.2490	0.6000	0.4888
[213]	[0.0004]	-0.2774	0.2667	0.2069
[214]	[0.0056]	-0.2028	0.2667	0.2173
[215]	[-0.0313]	1.5130	0.1333	0.2503
[216]	[-0.0081]	0.5881	0.4000	0.3770
[217]	[0.0148]	-1.1113	0.1333	0.1610
[218]	[0.0026]	-0.5422	0.3333	0.2860
[219]	[-0.0176]	1.0818	0.4667	0.4619
[220]	[0.0118]	-0.5436	0.4000	0.4297
[221]	[-0.0230]	1.4067	0.3333	0.3448
[222]	[-0.0079]	1.0726	0.2667	0.2239
[223]	[0.0020]	-0.4450	0.2000	0.1941
[224]	[-0.0095]	0.5644	0.4667	0.4248
[225]	[0.0070]	-0.0079	0.4000	0.4249
[226]	[0.0206]	-0.6428	0.2667	0.1897
[227]	[0.0516]	-3.0129	0.2000	0.2261
[228]	[0.0085]	-0.3487	0.3333	0.3890
[229]	[-0.0031]	0.4009	0.4667	0.4404
[230]	[0.0105]	-0.7385	0.2667	0.2788
[231]	[0.0056]	-0.1424	0.4000	0.4234
[232]	[0.0087]	-0.0858	0.3333	0.3789
[233]	[0.0066]	-1.4426	0.4000	0.3868
[234]	[0.0024]	-0.0195	0.4667	0.4961
[235]	[0.0191]	-1.7231	0.3333	0.3092
[236]	[-0.0299]	1.9504	0.2667	0.3339
[237]	[0.0140]	-0.7618	0.3333	0.3537
[238]	[-0.0127]	0.7379	0.4000	0.4098
[239]	[0.0573]	-0.8135	0.4000	0.3129
[240]	[-0.0087]	0.6953	0.4667	0.4109
[241]	[0.0007]	-0.2120	0.2667	0.2114
[242]	[0.0115]	-0.5357	0.3333	0.3657
[243]	[-0.0052]	0.3297	0.4000	0.4454
[244]	[0.0255]	-0.8085	0.3333	0.3362
[245]	[0.0558]	-2.3543	0.1333	0.1210
[246]	[0.0156]	-0.2121	0.4000	0.3879
[247]	[-0.0085]	0.3357	0.4000	0.3316
[248]	[-0.0034]	0.2930	0.4667	0.4431
[249]	[-0.0000]	0.2628	0.5333	0.4815
[250]	[-0.0017]	0.2082	0.4667	0.4670
[251]	[-0.0128]	1.8893	0.2000	0.1830
[252]	[-0.0276]	0.9691	0.3333	0.3362
[253]	[0.0071]	-0.0882	0.4667	0.4611
[254]	[0.0124]	-0.5860	0.4667	0.4439
[255]	[0.0148]	-0.2144	0.4000	0.2737
[256]	[0.0139]	-0.2681	0.4000	0.4178
[257]	[-0.0072]	0.3135	0.3333	0.3376
[258]	[0.0052]	-0.0059	0.3333	0.3988
[259]	[-0.0204]	0.8596	0.3333	0.3527
[260]	[0.0006]	-3.8079	0.0000	0.1217
[261]	[0.0108]	-1.2508	0.4000	0.3994
[262]	[-0.0253]	1.4552	0.2667	0.2949
[263]	[-0.0049]	0.3163	0.5333	0.4702
[264]	[-0.0176]	5.9633	0.1333	0.1651
[265]	[0.0034]	-0.2122	0.6000	0.5312
[266]	[0.0114]	-0.2503	0.2667	0.2112
[267]	[0.0057]	-0.7859	0.4000	0.3994
[268]	[0.0087]	-1.7165	0.4667	0.3894
[269]	[0.0485]	-0.6933	0.3333	0.3246
[270]	[-0.0222]	0.8879	0.3333	0.3569
[271]	[0.0023]	-0.0731	0.4667	0.4491
[272]	[0.0205]	-1.2112	0.2667	0.2886
[273]	[0.0318]	-0.6866	0.4667	0.4568
[274]	[-0.0073]	0.3904	0.2667	0.3276
[275]	[-0.0110]	0.7234	0.3333	0.3279
[276]	[0.0032]	-0.1574	0.2667	0.2147
[277]	[-0.0012]	0.2257	0.4667	0.4692
[278]	[-0.0152]	0.8408	0.4000	0.3605
[279]	[0.0175]	-0.3912	0.4000	0.4044
[280]	[-0.0115]	0.4457	0.3333	0.3713
[281]	[-0.0047]	0.3388	0.4000	0.3711
[282]	[-0.0005]	0.2379	0.4667	0.4746
[283]	[0.0969]	-0.3176	0.2667	0.2614
[284]	[-0.0155]	0.6436	0.2667	0.3423
[285]	[-0.0011]	0.1640	0.4667	0.4667
[286]	[-0.0370]	1.3705	0.4000	0.3236
[287]	[0.0078]	-0.3854	0.3333	0.3939
[288]	[0.0480]	-1.3917	0.2000	0.1443
[289]	[0.0779]	-2.7894	0.2667	0.2746
[290]	[-0.0009]	0.1538	0.4667	0.4667
[291]	[-0.0105]	0.3520	0.4000	0.4113
[292]	[-0.0194]	0.8015	0.4000	0.3546
[293]	[0.0186]	-0.1330	0.4000	0.4425
[294]	[-0.0004]	0.1423	0.4667	0.4667
[295]	[0.0030]	0.0667	0.4667	0.4307
[296]	[0.0078]	-3.1722	0.0667	0.0947
[297]	[-0.0019]	0.5313	0.3333	0.3580
[298]	[0.0108]	-0.2020	0.4000	0.3867
[299]	[0.0327]	-0.9205	0.2000	0.3651
[300]	[-0.0076]	0.5039	0.4000	0.2776
[301]	[-0.0100]	0.6376	0.4667	0.4367
[302]	[-0.0094]	0.4403	0.4000	0.3950
[303]	[-0.0134]	0.7152	0.2667	0.3292
[304]	[0.0016]	-0.2152	0.2667	0.2123
[305]	[0.0242]	-2.2465	0.2000	0.2220
[306]	[0.0200]	-0.9454	0.4000	0.3987
[307]	[0.0146]	-3.5402	0.0000	0.0900
[308]	[0.0059]	-0.2734	0.2667	0.2154
[309]	[0.0019]	-1.0373	0.3333	0.2935
[310]	[0.0075]	-0.2501	0.4667	0.4036
[311]	[-0.0006]	0.1520	0.4667	0.4667
[312]	[0.0081]	-0.1542	0.4000	0.4414
[313]	[-0.0103]	0.8396	0.4000	0.3731
[314]	[0.0294]	-0.5572	0.4000	0.3863
[315]	[0.0147]	-0.6542	0.4000	0.4011
[316]	[0.0043]	-0.2069	0.3333	0.3084
[317]	[-0.0045]	0.9113	0.4000	0.3999
[318]	[-0.0014]	0.5062	0.3333	0.3576
[319]	[0.0109]	-0.0276	0.2667	0.3688
[320]	[0.0029]	-2.6600	0.2667	0.2200
[321]	[-0.0072]	3.7138	0.2000	0.2545
[322]	[-0.0103]	0.8280	0.3333	0.3226
[323]	[-0.0267]	0.7997	0.2667	0.3444
[324]	[0.0110]	-1.2681	0.2000	0.1689
[325]	[0.0062]	-0.0384	0.5333	0.4989
[326]	[-0.0107]	0.5259	0.3333	0.3737
[327]	[0.0120]	-1.0581	0.3333	0.3677
[328]	[0.0058]	-1.1580	0.2667	0.3000
[329]	[0.0745]	-6.3552	0.0667	0.0617
[330]	[-0.0067]	0.5247	0.4000	0.4298
[331]	[0.0315]	-0.4479	0.4667	0.4036
[332]	[0.0110]	-0.9047	0.2667	0.3314
[333]	[0.0121]	-1.3034	0.4000	0.3916
[334]	[-0.0090]	0.3238	0.4000	0.4150
[335]	[-0.0021]	0.3805	0.4000	0.2836
[336]	[0.0009]	0.1042	0.4667	0.4667
[337]	[-0.0035]	1.0084	0.3333	0.3490
[338]	[-0.0228]	0.8839	0.3333	0.3165
[339]	[0.0083]	-0.0595	0.4667	0.4525
[340]	[0.0076]	-0.5303	0.2667	0.2666
[341]	[-0.0662]	2.6470	0.1333	0.1635
[342]	[-0.0347]	1.1276	0.2667	0.3187
[343]	[0.0518]	-0.9328	0.2000	0.2971
[344]	[-0.0395]	0.9137	0.4000	0.3632
[345]	[-0.0070]	0.3194	0.4000	0.3889
[346]	[0.0121]	-0.1136	0.4667	0.4717
[347]	[-0.0062]	0.7558	0.3333	0.2873
[348]	[-0.0174]	0.7196	0.4000	0.4092
[349]	[0.0154]	-0.6699	0.4000	0.3912
[350]	[0.0152]	-0.3893	0.4667	0.4442
[351]	[0.0016]	0.0662	0.4667	0.4667
[352]	[-0.0019]	0.2712	0.5333	0.4781
[353]	[0.0849]	-2.0209	0.2000	0.2207
[354]	[0.0027]	-0.2356	0.1333	0.2084
[355]	[-0.0080]	0.4530	0.5333	0.4491
[356]	[-0.0030]	0.8072	0.4000	0.4081
[357]	[-0.0121]	0.5023	0.4000	0.3901
[358]	[0.0044]	-0.0700	0.4667	0.4230
[359]	[0.0140]	-0.1966	0.2667	0.3866
[360]	[0.0032]	-0.1091	0.4000	0.4238
[361]	[0.0602]	-0.9780	0.4000	0.3409
[362]	[-0.0056]	0.3173	0.4000	0.3008
[363]	[0.0040]	-0.0389	0.4000	0.4663
[364]	[0.0013]	0.0089	0.4667	0.4634
[365]	[-0.0267]	1.0206	0.4000	0.3711
[366]	[0.0068]	-0.4765	0.5333	0.5188
[367]	[0.0260]	-3.5874	0.1333	0.1837
[368]	[-0.0073]	0.3577	0.4000	0.4045
[369]	[0.0007]	-0.0709	0.6667	0.5212
[370]	[0.0316]	-0.5726	0.3333	0.3453
[371]	[0.0253]	-0.4889	0.1333	0.2174
[372]	[0.0108]	-13.7748	0.0000	0.0366
[373]	[-0.0124]	1.2864	0.3333	0.3510
[374]	[0.0212]	-1.0815	0.2000	0.2083
[375]	[-0.0117]	0.6708	0.3333	0.3590
[376]	[0.0018]	-1.2088	0.2667	0.3029
[377]	[0.0396]	-0.9279	0.2000	0.2305
[378]	[0.0028]	-0.1288	0.2667	0.2185
[379]	[0.0015]	-1.7221	0.2000	0.1780
[380]	[-0.0033]	0.4238	0.4000	0.4049
[381]	[-0.0068]	1.0330	0.4000	0.4210
[382]	[0.0072]	-0.4901	0.3333	0.3984
[383]	[-0.0007]	0.1530	0.4667	0.4667
[384]	[0.0051]	-0.3942	0.2000	0.1972
[385]	[0.0286]	-1.8129	0.1333	0.2558
[386]	[-0.0178]	1.1719	0.3333	0.2977
[387]	[0.0196]	-0.2804	0.4667	0.4275
[388]	[0.0037]	-0.2516	0.4000	0.3053
[389]	[-0.0172]	0.4949	0.4667	0.4282
[390]	[-0.0035]	0.2431	0.4667	0.4311
[391]	[0.0297]	-1.2990	0.2000	0.2656
[392]	[0.0437]	-1.5404	0.1333	0.2387
[393]	[-0.0434]	2.1889	0.2000	0.2382
[394]	[-0.0020]	0.2021	0.4667	0.4662
[395]	[-0.0137]	0.9244	0.3333	0.2909
[396]	[0.0330]	-0.3834	0.3333	0.3431
[397]	[0.0015]	-0.0052	0.4667	0.4735
[398]	[0.0097]	-4.1509	0.2000	0.1813
[399]	[0.0249]	-0.4173	0.3333	0.3430
[400]	[-0.0006]	0.2195	0.4667	0.4666
[401]	[-0.0076]	0.5162	0.3333	0.2580
[402]	[-0.0024]	0.2948	0.4000	0.4239
[403]	[0.0369]	-2.0111	0.2000	0.2854
[404]	[0.0294]	-0.9608	0.3333	0.2980
[405]	[-0.0062]	0.4668	0.3333	0.3660
[406]	[-0.0053]	0.7188	0.3333	0.3526
[407]	[0.0159]	-0.9132	0.3333	0.3623
[408]	[0.0016]	0.0824	0.4667	0.4666
[409]	[-0.0011]	0.1551	0.4667	0.4667
[410]	[-0.0074]	0.4927	0.4667	0.4160
[411]	[0.0352]	-1.1306	0.3333	0.3104
[412]	[0.0039]	-0.5883	0.2000	0.1832
[413]	[0.0003]	-0.3604	0.2667	0.2271
[414]	[0.1789]	-3.3257	0.1333	0.1592
[415]	[0.0047]	-0.2164	0.2000	0.2113
[416]	[0.0086]	-0.1283	0.4000	0.3426
[417]	[0.0188]	-0.8828	0.3333	0.3885
[418]	[-0.0149]	0.6378	0.4667	0.4091
[419]	[0.0246]	-0.7287	0.2667	0.3199
[420]	[0.0507]	-0.6425	0.2667	0.3150
[421]	[-0.0249]	1.0239	0.2667	0.2351
[422]	[-0.0008]	0.1458	0.4667	0.4667
[423]	[0.0029]	-0.3564	0.6000	0.5300
[424]	[0.0294]	-0.3001	0.4667	0.4140
[425]	[0.0070]	-0.1737	0.4000	0.4499
[426]	[0.0031]	0.0587	0.4667	0.4842
[427]	[0.0275]	-3.2855	0.1333	0.2451
[428]	[-0.0072]	0.3984	0.4000	0.4227
[429]	[0.0072]	-0.0264	0.3333	0.4136
[430]	[0.0099]	-3.4099	0.0667	0.1399
[431]	[-0.0017]	0.3174	0.4667	0.4717
[432]	[-0.0152]	0.7138	0.4000	0.3695
[433]	[0.0733]	-1.6695	0.2000	0.2780
[434]	[-0.0007]	0.1518	0.4667	0.4667
[435]	[0.0011]	0.1025	0.4667	0.4667
[436]	[0.0027]	-0.3728	0.4000	0.4263
[437]	[0.0064]	-0.4402	0.4000	0.3987
[438]	[0.0307]	-0.5024	0.3333	0.2907
[439]	[-0.0183]	0.6863	0.4000	0.3709
[440]	[0.0002]	-1.7007	0.4667	0.3753
[441]	[-0.0200]	1.0847	0.4667	0.4530
[442]	[-0.0002]	0.1527	0.4667	0.4675
[443]	[-0.0451]	2.5579	0.3333	0.3131
[444]	[0.0043]	-1.4867	0.3333	0.3692
[445]	[0.0299]	-4.5490	0.0667	0.0857
[446]	[-0.0255]	2.1056	0.2000	0.2194
[447]	[-0.0036]	0.3339	0.3333	0.3402
[448]	[0.1176]	-4.1312	0.0667	0.0908
[449]	[0.0062]	-1.9605	0.1333	0.1672
[450]	[-0.0068]	0.6554	0.4000	0.4087
[451]	[0.0067]	-0.6507	0.4000	0.3864
[452]	[0.0600]	-1.3338	0.2000	0.2324
[453]	[0.0049]	-1.2666	0.3333	0.3037
[454]	[0.0386]	-1.3687	0.1333	0.2530
[455]	[-0.0093]	0.9131	0.3333	0.3289
[456]	[0.0038]	-0.3700	0.3333	0.2467
[457]	[0.0080]	-0.0622	0.3333	0.4089
[458]	[0.0022]	-0.0948	0.2667	0.3524
[459]	[-0.0012]	0.2165	0.5333	0.5036
[460]	[0.0469]	-1.8328	0.2000	0.2421
[461]	[0.0143]	-0.1966	0.4000	0.3970
[462]	[-0.0232]	0.9844	0.3333	0.3500
[463]	[-0.0076]	0.5416	0.3333	0.3729
[464]	[-0.0026]	0.4669	0.4000	0.4348
