gene index	a_n	m	resub	bresub
[0]	[0.0002]	-0.4251	0.5000	0.4643
[1]	[0.0104]	-0.3498	0.3750	0.3757
[2]	[-0.0023]	0.4455	0.4375	0.4217
[3]	[0.0185]	-0.4556	0.5000	0.4183
[4]	[0.0091]	-1.1145	0.2500	0.3372
[5]	[-0.0023]	0.6609	0.3125	0.3799
[6]	[-0.0077]	0.2648	0.5000	0.4528
[7]	[-0.0009]	0.1310	0.4375	0.4859
[8]	[0.0012]	-0.1018	0.5000	0.4790
[9]	[0.0003]	-0.0832	0.3750	0.4443
[10]	[0.0206]	-0.2238	0.5000	0.4627
[11]	[-0.0045]	0.7303	0.5000	0.4733
[12]	[0.0121]	-1.2685	0.3750	0.3347
[13]	[0.0127]	-0.2432	0.6250	0.5177
[14]	[-0.0088]	0.2533	0.5000	0.5219
[15]	[-0.0088]	0.2008	0.4375	0.4292
[16]	[0.0056]	-0.1029	0.4375	0.3966
[17]	[-0.0114]	0.7071	0.4375	0.4367
[18]	[-0.0002]	0.2978	0.6250	0.5360
[19]	[0.0063]	-0.3781	0.5000	0.4702
[20]	[-0.0163]	1.1065	0.3750	0.3903
[21]	[0.0148]	-0.4096	0.4375	0.4399
[22]	[0.0204]	-0.3461	0.3125	0.3812
[23]	[-0.0289]	0.0974	0.5625	0.4150
[24]	[-0.0108]	1.0133	0.4375	0.4233
[25]	[-0.0068]	1.7884	0.3125	0.3524
[26]	[-0.0109]	1.6033	0.3125	0.3348
[27]	[0.0015]	-0.1790	0.4375	0.4120
[28]	[0.0005]	-0.0684	0.3750	0.4677
[29]	[0.0071]	-0.1708	0.5625	0.5051
[30]	[0.0286]	-1.2027	0.1875	0.2939
[31]	[0.0031]	-0.2028	0.3750	0.4629
[32]	[0.0001]	-0.0176	0.6250	0.4983
[33]	[0.0085]	-0.3037	0.4375	0.4570
[34]	[-0.0014]	0.0323	0.5625	0.5300
[35]	[0.0060]	-0.8687	0.4375	0.4624
[36]	[-0.0075]	0.2349	0.5625	0.5044
[37]	[0.0037]	-0.1169	0.5000	0.4909
[38]	[0.0102]	-0.8877	0.2500	0.3505
[39]	[0.0055]	-0.9601	0.3125	0.3951
[40]	[0.0567]	-1.5409	0.2500	0.2660
[41]	[-0.0257]	0.8239	0.3125	0.2988
[42]	[0.0087]	-0.6178	0.4375	0.3926
[43]	[-0.0177]	0.5729	0.3750	0.3797
[44]	[-0.0009]	0.1514	0.4375	0.4670
[45]	[0.0585]	-1.8676	0.3125	0.3034
[46]	[0.0071]	-0.4134	0.4375	0.4791
[47]	[0.0000]	-0.0031	0.5625	0.5248
[48]	[-0.0442]	5.3158	0.1250	0.1356
[49]	[0.0018]	-0.1669	0.5625	0.5143
[50]	[-0.0121]	0.3740	0.4375	0.4357
[51]	[0.0019]	-0.0579	0.4375	0.4683
[52]	[-0.0418]	0.8880	0.4375	0.4490
[53]	[-0.0233]	1.6138	0.3750	0.3811
[54]	[-0.0025]	0.4218	0.5000	0.4613
[55]	[-0.0134]	0.5852	0.3125	0.4022
[56]	[0.0024]	-0.0861	0.4375	0.4440
[57]	[0.0045]	-0.1183	0.5625	0.4699
[58]	[-0.0023]	0.1422	0.4375	0.4597
[59]	[0.0050]	-0.1883	0.5000	0.4875
[60]	[0.0062]	-1.0128	0.3750	0.3312
[61]	[-0.0003]	0.2380	0.3750	0.3890
[62]	[-0.0165]	0.2815	0.4375	0.4420
[63]	[-0.0012]	0.2018	0.5000	0.4599
[64]	[0.0070]	-0.1682	0.4375	0.4804
[65]	[0.0091]	-0.1837	0.3125	0.3903
[66]	[-0.0100]	0.3606	0.4375	0.4181
[67]	[0.0170]	-0.3934	0.3750	0.3914
[68]	[0.0002]	-0.0046	0.5000	0.5298
[69]	[-0.0062]	0.5904	0.4375	0.4368
[70]	[0.0118]	-0.4005	0.4375	0.4301
[71]	[-0.0122]	0.7147	0.2500	0.3159
[72]	[-0.0003]	0.0306	0.5000	0.5020
[73]	[0.0112]	-0.2940	0.5625	0.5255
[74]	[0.0004]	-0.0204	0.4375	0.5242
[75]	[-0.0209]	1.4562	0.4375	0.4025
[76]	[0.0012]	-0.0379	0.5625	0.5263
[77]	[-0.0110]	0.5602	0.3750	0.4191
[78]	[0.0148]	-1.0714	0.4375	0.4007
[79]	[0.0194]	-0.4655	0.4375	0.3865
[80]	[-0.0048]	0.1946	0.3750	0.4242
[81]	[0.0136]	-0.7031	0.3125	0.3249
[82]	[0.0117]	-0.3644	0.4375	0.4524
[83]	[0.0130]	-5.0190	0.1250	0.1145
[84]	[0.0035]	-0.1297	0.5625	0.4875
[85]	[-0.0187]	1.5633	0.3125	0.3216
[86]	[-0.0033]	0.1900	0.5000	0.4679
[87]	[0.0002]	-0.0168	0.5625	0.5196
[88]	[-0.0127]	1.6297	0.3750	0.3445
[89]	[0.0409]	-1.1960	0.1875	0.2150
[90]	[-0.0347]	0.4938	0.3750	0.3747
[91]	[-0.0078]	2.3300	0.2500	0.2902
[92]	[-0.0202]	0.3412	0.2500	0.3670
[93]	[0.0081]	-0.3463	0.3750	0.3388
[94]	[-0.0529]	2.2902	0.3125	0.3264
[95]	[0.0051]	-0.8947	0.3125	0.3193
[96]	[-0.0213]	0.3772	0.5000	0.4431
[97]	[-0.0014]	0.2927	0.4375	0.4735
[98]	[-0.0000]	0.0012	0.5625	0.5186
[99]	[-0.0117]	1.2894	0.3750	0.3477
[100]	[-0.0009]	0.4222	0.4375	0.4097
[101]	[0.0257]	-0.9741	0.3125	0.3289
[102]	[0.0204]	-0.6747	0.3125	0.3480
[103]	[-0.0088]	0.6071	0.5000	0.4841
[104]	[-0.0067]	0.2696	0.5625	0.5098
[105]	[-0.0004]	0.0466	0.5000	0.4901
[106]	[0.0055]	-0.4830	0.4375	0.4235
[107]	[-0.0037]	0.1853	0.5625	0.5043
[108]	[-0.0195]	1.7892	0.3750	0.3518
[109]	[-0.0117]	1.1356	0.4375	0.4132
[110]	[0.0154]	-0.2281	0.4375	0.4299
[111]	[0.0097]	-0.5123	0.3750	0.3927
[112]	[-0.0006]	1.8293	0.3125	0.3552
[113]	[-0.0135]	0.2677	0.4375	0.4173
[114]	[0.0220]	-1.4240	0.3750	0.3386
[115]	[0.0210]	-0.9939	0.3750	0.3594
[116]	[0.0764]	-1.5577	0.3125	0.3264
[117]	[0.0072]	-0.5167	0.3750	0.3914
[118]	[-0.0001]	0.2296	0.3750	0.4069
[119]	[0.0001]	-0.0082	0.5000	0.4757
[120]	[-0.0162]	1.2088	0.3750	0.3491
[121]	[-0.0105]	1.4770	0.2500	0.3240
[122]	[0.0171]	-0.5056	0.4375	0.4308
[123]	[-0.0106]	0.3858	0.5000	0.4006
[124]	[-0.0083]	1.4851	0.3750	0.4167
[125]	[-0.0036]	0.3943	0.4375	0.3957
[126]	[0.0037]	-0.1660	0.5000	0.4887
[127]	[0.0061]	-0.5530	0.3750	0.4270
[128]	[-0.0011]	0.0907	0.4375	0.4540
[129]	[0.0064]	-0.0947	0.5000	0.4829
[130]	[-0.0002]	0.0604	0.5000	0.4908
[131]	[-0.0003]	0.1492	0.5000	0.5190
[132]	[-0.0001]	0.0189	0.5625	0.5281
[133]	[0.0029]	-0.1706	0.4375	0.4527
[134]	[-0.0164]	0.4404	0.4375	0.4135
[135]	[-0.0025]	0.1093	0.4375	0.4388
[136]	[0.0097]	-1.6014	0.3750	0.3550
[137]	[-0.0007]	0.1750	0.5000	0.5084
[138]	[-0.0025]	0.1223	0.4375	0.4778
[139]	[-0.0028]	0.3353	0.5000	0.5015
[140]	[-0.0050]	0.2481	0.5000	0.3974
[141]	[-0.0035]	0.0649	0.5000	0.4971
[142]	[0.0125]	-0.2492	0.5625	0.5357
[143]	[0.0036]	-0.6680	0.4375	0.4750
[144]	[0.0037]	-0.7221	0.4375	0.4251
[145]	[-0.0193]	1.5147	0.3750	0.3459
[146]	[0.0134]	-0.3261	0.5000	0.4711
[147]	[-0.0030]	0.3841	0.4375	0.4131
[148]	[0.0048]	-0.0816	0.6875	0.6479
[149]	[-0.0007]	0.0462	0.5625	0.5633
[150]	[-0.0164]	3.4699	0.1875	0.2729
[151]	[-0.0154]	1.4868	0.3125	0.3113
[152]	[-0.0308]	0.9128	0.4375	0.3776
[153]	[-0.0156]	0.1170	0.4375	0.4270
[154]	[0.0192]	-2.5456	0.4375	0.3674
[155]	[0.0051]	-0.1935	0.4375	0.4720
[156]	[0.0002]	-0.0246	0.5625	0.5352
[157]	[0.0066]	-0.5141	0.3125	0.3729
[158]	[0.0066]	-0.2186	0.2500	0.4088
[159]	[0.0017]	-0.3266	0.3125	0.3875
[160]	[-0.0115]	2.0136	0.2500	0.2884
[161]	[-0.0091]	0.3576	0.4375	0.4134
[162]	[0.0022]	-0.1907	0.4375	0.4553
[163]	[0.0027]	-0.1259	0.5000	0.4807
[164]	[-0.0199]	1.7502	0.3125	0.3121
[165]	[-0.0015]	1.2721	0.5000	0.4475
[166]	[-0.0279]	2.1046	0.2500	0.3123
[167]	[0.0184]	-2.5634	0.3125	0.3226
[168]	[-0.0604]	1.0985	0.3750	0.3202
[169]	[0.0149]	-0.2830	0.5000	0.3823
[170]	[-0.0003]	0.1986	0.4375	0.3448
[171]	[-0.0010]	0.3370	0.4375	0.4861
[172]	[0.0037]	-0.5262	0.3750	0.4471
[173]	[0.0348]	-1.8949	0.3750	0.3083
[174]	[-0.0169]	1.4655	0.3125	0.3760
[175]	[0.0037]	-0.0873	0.5000	0.4734
[176]	[0.0066]	-0.1700	0.4375	0.4230
[177]	[-0.0423]	2.1636	0.2500	0.2666
[178]	[-0.0095]	0.7895	0.4375	0.4185
[179]	[-0.0024]	0.2276	0.5625	0.5196
[180]	[-0.0026]	0.0736	0.5625	0.4946
[181]	[-0.0126]	0.4672	0.4375	0.4705
[182]	[-0.0029]	1.1653	0.4375	0.4107
[183]	[-0.0041]	0.4900	0.5625	0.4788
[184]	[0.0108]	-0.3216	0.5625	0.5073
[185]	[0.0042]	-0.1548	0.5000	0.4386
[186]	[-0.0319]	2.5539	0.3125	0.3118
[187]	[-0.0001]	0.1529	0.5625	0.4465
[188]	[0.0186]	-0.6764	0.3750	0.3505
[189]	[0.0026]	-0.1246	0.5000	0.4939
[190]	[-0.0048]	0.1575	0.5000	0.4769
[191]	[0.0273]	-2.3449	0.3125	0.3071
[192]	[-0.0004]	0.0065	0.5000	0.4864
[193]	[0.0147]	-0.4516	0.4375	0.4310
[194]	[-0.0547]	1.5928	0.2500	0.2194
[195]	[-0.0218]	1.0110	0.3750	0.3881
[196]	[0.0015]	-0.0314	0.4375	0.4631
[197]	[0.0152]	-0.8048	0.4375	0.3703
[198]	[-0.0051]	0.5925	0.4375	0.4387
[199]	[0.0021]	-0.0888	0.5000	0.5132
[200]	[-0.0229]	0.1459	0.4375	0.4730
[201]	[-0.0002]	0.0613	0.4375	0.4883
[202]	[-0.0070]	0.5617	0.3750	0.3639
[203]	[-0.0326]	1.5700	0.3750	0.3707
[204]	[-0.0041]	0.7749	0.3750	0.4467
[205]	[-10505.5457]	-0.0213	0.5625	0.5571
[206]	[0.0230]	-0.4069	0.3750	0.3171
[207]	[0.0042]	-0.1572	0.4375	0.4485
[208]	[0.0098]	-0.2818	0.3125	0.4188
[209]	[-0.0006]	0.1774	0.4375	0.4413
[210]	[-0.0030]	0.1514	0.5000	0.5019
[211]	[0.0000]	-0.0005	0.5625	0.5049
[212]	[0.0002]	-0.1364	0.4375	0.4771
[213]	[-0.0003]	0.1549	0.4375	0.4326
[214]	[-0.0020]	0.0502	0.5000	0.4319
[215]	[-0.0324]	1.3095	0.2500	0.2740
[216]	[0.0031]	-0.1216	0.5625	0.5430
[217]	[0.0108]	-0.6530	0.3750	0.3709
[218]	[-0.0018]	0.1510	0.4375	0.4777
[219]	[0.0085]	-0.4989	0.5000	0.4559
[220]	[0.0014]	-0.0890	0.5000	0.5319
[221]	[-0.0009]	0.0525	0.6250	0.5635
[222]	[-0.0054]	0.3449	0.5000	0.4824
[223]	[-0.0044]	0.5266	0.4375	0.3782
[224]	[0.0059]	-0.2179	0.5000	0.4657
[225]	[-0.0231]	0.4848	0.4375	0.4104
[226]	[-0.0256]	0.5544	0.4375	0.4375
[227]	[-0.0022]	0.1492	0.5000	0.5185
[228]	[0.0221]	-1.2325	0.3750	0.3299
[229]	[0.0061]	-0.6338	0.3750	0.3686
[230]	[0.0226]	-0.8241	0.3750	0.3817
[231]	[-0.0321]	1.0845	0.3750	0.3567
[232]	[0.0098]	-0.4209	0.5000	0.4626
[233]	[-0.0012]	0.3437	0.3750	0.4096
[234]	[-0.0059]	0.3756	0.5000	0.4530
[235]	[0.0067]	-0.6822	0.3750	0.4030
[236]	[-0.0295]	0.9607	0.4375	0.4081
[237]	[-0.0004]	0.0421	0.4375	0.4871
[238]	[-0.0123]	0.4005	0.3750	0.4093
[239]	[0.0456]	-1.0720	0.3125	0.2739
[240]	[-0.0040]	0.3208	0.5625	0.4731
[241]	[-0.0010]	0.2521	0.3750	0.4043
[242]	[0.0014]	-0.0549	0.3750	0.4368
[243]	[-0.0110]	0.2494	0.4375	0.4628
[244]	[-0.0078]	0.2616	0.4375	0.4618
[245]	[-0.0081]	0.4652	0.5000	0.5069
[246]	[-0.0093]	0.1457	0.4375	0.4872
[247]	[-0.0320]	1.0194	0.2500	0.2743
[248]	[0.0458]	-1.3451	0.3750	0.3613
[249]	[0.0001]	-0.7415	0.2500	0.2762
[250]	[0.0156]	-0.6086	0.4375	0.4131
[251]	[-0.0088]	0.8732	0.2500	0.3541
[252]	[-0.0402]	0.7857	0.4375	0.3948
[253]	[-0.0048]	0.1519	0.4375	0.4471
[254]	[-0.0062]	0.4370	0.5625	0.4987
[255]	[0.0220]	-1.2799	0.1875	0.2109
[256]	[0.0224]	-1.0436	0.3125	0.3943
[257]	[0.0109]	-0.2919	0.4375	0.4333
[258]	[0.0024]	-0.0540	0.4375	0.4506
[259]	[0.0026]	-0.1084	0.3750	0.4337
[260]	[-0.0002]	1.0170	0.3750	0.4270
[261]	[-0.0163]	2.2590	0.2500	0.3328
[262]	[-0.0071]	0.3732	0.5000	0.4460
[263]	[0.0229]	-0.4721	0.3125	0.3762
[264]	[-0.0037]	1.4431	0.3750	0.3862
[265]	[-0.0003]	0.0241	0.5625	0.5250
[266]	[-0.0158]	0.2150	0.4375	0.3906
[267]	[-0.0020]	0.3429	0.5000	0.4903
[268]	[-0.0037]	0.8014	0.3125	0.3840
[269]	[-0.0099]	0.1100	0.3750	0.4603
[270]	[-0.0047]	0.2533	0.5000	0.4632
[271]	[-0.0102]	0.6352	0.3750	0.3974
[272]	[0.0035]	-0.3645	0.5000	0.5147
[273]	[-0.0199]	0.5968	0.3125	0.3709
[274]	[0.0100]	-0.3124	0.6875	0.6168
[275]	[-0.0045]	0.2380	0.4375	0.3286
[276]	[-0.0083]	0.2238	0.5000	0.4813
[277]	[-0.0075]	0.5478	0.3125	0.3704
[278]	[0.0117]	-0.5050	0.3125	0.4252
[279]	[0.0179]	-0.5782	0.4375	0.4065
[280]	[-0.0126]	0.2285	0.3750	0.4191
[281]	[0.0015]	-0.0713	0.4375	0.4591
[282]	[-0.0008]	0.2030	0.5625	0.4564
[283]	[-0.0301]	0.2816	0.5000	0.4574
[284]	[0.0050]	-0.1749	0.6250	0.5705
[285]	[0.0159]	-0.5737	0.3750	0.4069
[286]	[0.0135]	-0.2945	0.5000	0.4559
[287]	[0.0005]	-0.0420	0.5000	0.4948
[288]	[0.0022]	-0.0383	0.5000	0.4967
[289]	[0.0106]	-0.4405	0.4375	0.4064
[290]	[-0.0077]	0.1655	0.5000	0.4527
[291]	[-0.0360]	0.6783	0.4375	0.3982
[292]	[-0.0361]	0.8250	0.3125	0.3525
[293]	[0.0290]	-0.3309	0.3750	0.3549
[294]	[-0.0022]	0.0956	0.4375	0.5158
[295]	[0.0456]	-1.3606	0.2500	0.2751
[296]	[0.0002]	-0.1215	0.6875	0.5387
[297]	[0.0090]	-1.4299	0.2500	0.2813
[298]	[-0.0075]	0.1662	0.3750	0.4327
[299]	[-0.0231]	0.8552	0.3125	0.3291
[300]	[0.0321]	-0.6482	0.2500	0.3384
[301]	[0.0026]	-0.1293	0.5000	0.5154
[302]	[0.0306]	-0.9816	0.3125	0.3012
[303]	[-0.0106]	0.3098	0.5000	0.4774
[304]	[-0.0019]	0.1946	0.4375	0.3950
[305]	[0.0100]	-0.4507	0.4375	0.4562
[306]	[-0.0090]	0.7574	0.3125	0.3825
[307]	[-0.0026]	0.7207	0.4375	0.4335
[308]	[0.0007]	-0.0242	0.5000	0.4534
[309]	[-0.0002]	0.1396	0.5000	0.4409
[310]	[-0.0090]	0.7487	0.3750	0.4205
[311]	[-0.0066]	0.3240	0.5000	0.3885
[312]	[0.0023]	-0.0921	0.5000	0.4731
[313]	[-0.0041]	0.5855	0.3750	0.3067
[314]	[-0.0564]	0.9585	0.3750	0.3668
[315]	[-0.0553]	3.6539	0.1875	0.2399
[316]	[0.0358]	-0.5894	0.3750	0.3860
[317]	[-0.0082]	1.6468	0.3750	0.3234
[318]	[0.0008]	-0.1997	0.4375	0.4199
[319]	[-0.0102]	0.2481	0.5625	0.4958
[320]	[0.0014]	-1.2562	0.3125	0.3522
[321]	[0.0001]	-0.0254	0.3750	0.4347
[322]	[0.0024]	-0.3203	0.3750	0.2557
[323]	[0.0018]	-0.0292	0.5000	0.4520
[324]	[0.0054]	-0.5778	0.3125	0.3739
[325]	[-0.0115]	0.2908	0.4375	0.4106
[326]	[-0.0442]	0.9691	0.3125	0.2896
[327]	[-0.0157]	1.0787	0.5000	0.4719
[328]	[0.0015]	-0.4475	0.5000	0.4608
[329]	[-0.0091]	0.9908	0.4375	0.3953
[330]	[0.0038]	-0.2572	0.4375	0.4352
[331]	[0.0005]	-0.0089	0.6875	0.6093
[332]	[-0.0006]	0.0720	0.3750	0.4109
[333]	[-0.0048]	0.4571	0.3750	0.4200
[334]	[-0.0473]	0.8201	0.3750	0.3726
[335]	[0.0346]	-1.4082	0.3125	0.3373
[336]	[-0.0033]	0.1093	0.4375	0.4387
[337]	[0.0043]	-0.8343	0.4375	0.3853
[338]	[0.0057]	-0.2296	0.3125	0.4273
[339]	[0.0154]	-0.3864	0.5000	0.5075
[340]	[-0.0048]	0.3749	0.4375	0.4336
[341]	[-0.0041]	0.0857	0.3750	0.3992
[342]	[-0.0252]	1.0515	0.3750	0.3487
[343]	[0.0117]	-0.3180	0.4375	0.4021
[344]	[0.0054]	-0.1191	0.3750	0.4044
[345]	[-0.0023]	0.0399	0.3750	0.3771
[346]	[0.0145]	-0.4611	0.3750	0.3718
[347]	[-0.0194]	0.9554	0.2500	0.2960
[348]	[0.0122]	-0.4267	0.3125	0.3778
[349]	[0.0076]	-0.8669	0.4375	0.4631
[350]	[0.0051]	-0.2114	0.3750	0.4581
[351]	[-0.0030]	0.1893	0.5625	0.3969
[352]	[-0.0077]	0.4993	0.3750	0.3875
[353]	[0.0466]	-1.5645	0.1250	0.2299
[354]	[-0.0022]	0.0959	0.5000	0.4869
[355]	[0.0060]	-0.2428	0.3750	0.4021
[356]	[-0.0075]	1.7460	0.3750	0.3674
[357]	[0.0023]	-0.0598	0.4375	0.4233
[358]	[-0.0468]	2.2375	0.3125	0.3377
[359]	[0.0045]	-0.0706	0.5000	0.4813
[360]	[-0.0115]	0.9971	0.3125	0.3614
[361]	[-0.0016]	0.0329	0.5625	0.4824
[362]	[0.0009]	-0.0685	0.5625	0.5451
[363]	[-0.0049]	0.2495	0.6250	0.4616
[364]	[0.0170]	-2.2908	0.1250	0.1890
[365]	[0.0172]	-0.4558	0.5000	0.4557
[366]	[-0.0029]	0.6031	0.4375	0.4313
[367]	[-0.0068]	1.0062	0.3750	0.3481
[368]	[0.0036]	-0.0455	0.4375	0.4635
[369]	[-0.0000]	0.0174	0.4375	0.4782
[370]	[-0.0112]	0.2542	0.5000	0.4701
[371]	[-0.0033]	0.1788	0.5625	0.4622
[372]	[0.0002]	-0.3259	0.3125	0.4247
[373]	[0.0083]	-1.0497	0.3750	0.3662
[374]	[0.0079]	-0.2820	0.3125	0.3839
[375]	[0.0078]	-0.4326	0.4375	0.4436
[376]	[-0.0003]	0.2116	0.4375	0.4260
[377]	[-0.0130]	0.4674	0.3125	0.3633
[378]	[-0.0066]	0.1571	0.5000	0.5219
[379]	[-0.0005]	0.2477	0.5625	0.4912
[380]	[0.0077]	-0.8087	0.3750	0.3940
[381]	[0.0003]	-0.0378	0.5000	0.4764
[382]	[0.0032]	-0.2640	0.4375	0.4685
[383]	[-0.0127]	0.3192	0.4375	0.4428
[384]	[-0.0017]	0.0674	0.5625	0.5595
[385]	[0.0157]	-0.8953	0.3750	0.3680
[386]	[-0.0077]	0.4584	0.3125	0.3236
[387]	[-0.0046]	0.1476	0.6250	0.5958
[388]	[0.0041]	-0.4830	0.4375	0.3861
[389]	[-0.0102]	0.3061	0.5000	0.4564
[390]	[0.0038]	-0.2468	0.3750	0.3875
[391]	[-0.0014]	0.0665	0.4375	0.4839
[392]	[0.0177]	-0.4860	0.5625	0.4637
[393]	[0.0050]	-0.3234	0.4375	0.4363
[394]	[-0.0168]	0.1911	0.4375	0.4400
[395]	[-0.0180]	0.7530	0.2500	0.2659
[396]	[-0.0400]	0.4611	0.3750	0.3460
[397]	[0.0032]	-0.3585	0.4375	0.4391
[398]	[-0.0005]	0.2734	0.5625	0.4963
[399]	[0.0556]	-0.5661	0.3750	0.3933
[400]	[0.0008]	-0.1297	0.5625	0.5384
[401]	[0.0049]	-0.2298	0.5000	0.4956
[402]	[-0.0042]	0.2231	0.5000	0.5066
[403]	[0.0015]	-0.1225	0.4375	0.5093
[404]	[0.0042]	-0.1378	0.5000	0.4480
[405]	[-0.0022]	0.0778	0.5000	0.5160
[406]	[-0.0064]	0.5980	0.3125	0.3301
[407]	[-0.0172]	0.8499	0.5000	0.4744
[408]	[-0.0017]	0.0452	0.5000	0.5266
[409]	[-0.0422]	1.1815	0.2500	0.3091
[410]	[-0.0002]	0.0058	0.5625	0.5768
[411]	[-0.0103]	0.2843	0.5000	0.5094
[412]	[-0.0021]	0.2131	0.4375	0.4787
[413]	[-0.0002]	0.1858	0.5000	0.4280
[414]	[0.0073]	-0.1125	0.5000	0.4660
[415]	[0.0018]	-0.0882	0.5000	0.5171
[416]	[-0.0279]	0.3342	0.3750	0.3830
[417]	[-0.0321]	1.4154	0.1875	0.2391
[418]	[-0.0140]	0.4798	0.3750	0.4296
[419]	[-0.0158]	0.5521	0.5000	0.4556
[420]	[0.0127]	-0.2690	0.3750	0.4312
[421]	[0.0115]	-0.2904	0.5000	0.4481
[422]	[-0.0138]	0.2792	0.4375	0.4366
[423]	[0.0016]	-0.3206	0.3750	0.4268
[424]	[-0.0181]	0.1921	0.4375	0.4303
[425]	[0.0257]	-1.4555	0.2500	0.2767
[426]	[0.0254]	-0.5452	0.3125	0.3494
[427]	[0.0058]	-0.5406	0.3125	0.4077
[428]	[-0.0260]	1.0868	0.3750	0.3454
[429]	[0.0107]	-0.2018	0.5000	0.5184
[430]	[0.0028]	-1.1158	0.3750	0.3579
[431]	[0.0007]	-0.0771	0.4375	0.4362
[432]	[0.0042]	-0.2615	0.5000	0.4768
[433]	[-0.0325]	0.7957	0.3125	0.3448
[434]	[-0.0253]	0.4413	0.5000	0.4454
[435]	[-0.0142]	0.5079	0.3750	0.3998
[436]	[0.0021]	-0.2622	0.4375	0.4540
[437]	[0.0058]	-0.3607	0.3750	0.3947
[438]	[0.0832]	-0.4482	0.3125	0.2802
[439]	[0.0056]	-0.4139	0.4375	0.3952
[440]	[0.0001]	-0.6738	0.3750	0.4242
[441]	[0.0021]	-0.1046	0.4375	0.4500
[442]	[-0.0124]	0.2097	0.4375	0.4669
[443]	[0.0150]	-0.8856	0.5000	0.4590
[444]	[0.0001]	-0.0363	0.5625	0.5289
[445]	[0.0019]	-0.5713	0.3125	0.3947
[446]	[0.0008]	-0.0725	0.6250	0.5438
[447]	[0.0146]	-0.8083	0.2500	0.3487
[448]	[0.0193]	-0.6133	0.4375	0.4521
[449]	[-0.0095]	2.8074	0.3125	0.3052
[450]	[0.0072]	-0.6322	0.3750	0.3881
[451]	[-0.0123]	1.1023	0.3125	0.3622
[452]	[0.0093]	-0.1626	0.3750	0.4190
[453]	[-0.0034]	0.5612	0.3750	0.4024
[454]	[-0.0267]	0.8295	0.2500	0.3101
[455]	[0.0041]	-0.2733	0.5000	0.4400
[456]	[0.0013]	-0.1740	0.5625	0.4691
[457]	[0.0112]	-0.2088	0.5625	0.4865
[458]	[-0.0105]	0.6664	0.3125	0.3655
[459]	[-0.0288]	1.7765	0.3750	0.3434
[460]	[-0.0172]	0.9295	0.3125	0.3477
[461]	[-0.0147]	0.3913	0.4375	0.4238
[462]	[-0.0232]	0.7292	0.4375	0.4211
[463]	[0.0222]	-1.0410	0.3125	0.3485
[464]	[-0.0017]	0.2353	0.4375	0.4410
