gene index	a_n	m	resub	bresub
[0]	[0.0017]	-3.2132	0.2000	0.2321
[1]	[-0.0050]	0.3461	0.4667	0.3989
[2]	[-0.0063]	1.5668	0.3333	0.3142
[3]	[-0.0020]	0.1998	0.5333	0.5096
[4]	[0.0227]	-2.0416	0.1333	0.2081
[5]	[0.0008]	-0.0453	0.4667	0.4873
[6]	[-0.0062]	0.3287	0.4667	0.4734
[7]	[-0.0025]	0.6404	0.4667	0.4131
[8]	[0.0212]	-1.1496	0.2000	0.2528
[9]	[0.0052]	-0.8435	0.4000	0.3894
[10]	[-0.0154]	0.3835	0.4667	0.4468
[11]	[0.0048]	-0.5172	0.4000	0.4194
[12]	[0.0008]	0.0306	0.4667	0.4575
[13]	[0.0193]	-0.2094	0.4667	0.5535
[14]	[0.0623]	-0.6296	0.3333	0.3009
[15]	[0.0284]	-0.2814	0.4000	0.3748
[16]	[0.0149]	-0.1137	0.4000	0.3670
[17]	[0.0084]	-0.2487	0.5333	0.5131
[18]	[0.0041]	-4.6090	0.2000	0.1994
[19]	[0.0267]	-1.0926	0.3333	0.3273
[20]	[-0.0171]	1.2342	0.4000	0.4023
[21]	[0.0106]	-0.1650	0.4667	0.4116
[22]	[-0.0159]	0.5448	0.4667	0.4637
[23]	[-0.0221]	0.1827	0.4667	0.4581
[24]	[0.0276]	-1.3553	0.3333	0.3476
[25]	[0.0042]	-0.7937	0.4000	0.4330
[26]	[-0.0095]	1.4865	0.4000	0.3638
[27]	[0.0062]	-0.5644	0.4667	0.4720
[28]	[0.0126]	-0.8684	0.2000	0.1897
[29]	[0.0221]	-0.2956	0.4000	0.4080
[30]	[0.0300]	-1.0328	0.2000	0.2788
[31]	[-0.0127]	1.1807	0.2667	0.3377
[32]	[0.0003]	0.0346	0.4667	0.4745
[33]	[0.0477]	-0.9511	0.2000	0.2178
[34]	[-0.0008]	0.1516	0.4667	0.4667
[35]	[0.0314]	-3.6209	0.2000	0.2403
[36]	[0.0044]	0.0100	0.4667	0.4524
[37]	[-0.0056]	0.4151	0.4000	0.3967
[38]	[0.0142]	-1.1112	0.4667	0.4409
[39]	[0.0119]	-1.4492	0.1333	0.2353
[40]	[0.0419]	-1.1117	0.4000	0.3765
[41]	[-0.0621]	2.0162	0.2667	0.2587
[42]	[0.0342]	-1.6863	0.2667	0.2779
[43]	[0.0570]	-0.7761	0.2667	0.2759
[44]	[0.0034]	-0.2577	0.4667	0.4634
[45]	[-0.0030]	0.2658	0.3333	0.3495
[46]	[-0.0003]	0.1505	0.4667	0.4667
[47]	[0.0070]	-0.7344	0.2667	0.3012
[48]	[0.0049]	-0.1977	0.4000	0.3955
[49]	[0.0148]	-1.0610	0.3333	0.3647
[50]	[-0.0065]	0.7636	0.2667	0.2636
[51]	[0.0068]	-0.0644	0.4667	0.4859
[52]	[0.0198]	-0.2190	0.3333	0.3762
[53]	[0.0141]	-0.5164	0.3333	0.3914
[54]	[0.0149]	-1.5979	0.3333	0.3345
[55]	[-0.0127]	0.7337	0.3333	0.3534
[56]	[-0.0013]	0.1851	0.4000	0.4155
[57]	[0.0143]	-0.1712	0.4667	0.4323
[58]	[0.0106]	-0.3283	0.4000	0.4225
[59]	[0.0060]	-0.0863	0.6667	0.5463
[60]	[0.0002]	0.1052	0.4667	0.4667
[61]	[0.0005]	-0.2001	0.4000	0.4811
[62]	[-0.0205]	0.5407	0.4000	0.3760
[63]	[0.0050]	-0.5238	0.4667	0.4472
[64]	[-0.0116]	0.4944	0.4667	0.4365
[65]	[0.1138]	-1.5132	0.2667	0.2818
[66]	[-0.0178]	0.9367	0.3333	0.3480
[67]	[-0.0114]	0.8355	0.2667	0.2503
[68]	[0.0157]	-0.1260	0.3333	0.3810
[69]	[0.0137]	-0.6762	0.3333	0.3433
[70]	[0.0260]	-0.5047	0.2000	0.2927
[71]	[-0.0138]	1.2060	0.2667	0.2866
[72]	[0.0049]	-0.3211	0.5333	0.5182
[73]	[-0.0414]	1.7013	0.4000	0.3610
[74]	[0.0429]	-1.1619	0.2667	0.2416
[75]	[0.0082]	-0.3290	0.3333	0.4116
[76]	[-0.0143]	0.6703	0.3333	0.3736
[77]	[0.0480]	-1.3495	0.2667	0.2523
[78]	[0.0199]	-1.2567	0.3333	0.3166
[79]	[0.0199]	-0.3509	0.4000	0.4503
[80]	[0.0051]	-0.0321	0.6000	0.5703
[81]	[0.0391]	-1.7311	0.2667	0.2970
[82]	[-0.0063]	0.3787	0.5333	0.5177
[83]	[0.0025]	-1.0578	0.2667	0.3085
[84]	[0.0149]	-0.3536	0.4000	0.4035
[85]	[0.0108]	-0.3711	0.2667	0.3508
[86]	[-0.0030]	0.3006	0.4000	0.4188
[87]	[0.0032]	-0.0671	0.4667	0.4900
[88]	[-0.0014]	0.2843	0.4000	0.3661
[89]	[0.0267]	-0.6745	0.3333	0.3210
[90]	[-0.0185]	0.3578	0.4000	0.4000
[91]	[0.0010]	-0.0837	0.5333	0.5723
[92]	[0.0344]	-0.0916	0.4000	0.3172
[93]	[0.0075]	-0.1831	0.4000	0.3678
[94]	[-0.0433]	2.3051	0.2000	0.2656
[95]	[0.0049]	-0.7010	0.2667	0.3813
[96]	[-0.0450]	0.7469	0.3333	0.3642
[97]	[0.0172]	-2.5067	0.1333	0.2659
[98]	[0.0018]	-0.0454	0.4000	0.4392
[99]	[-0.0039]	0.5443	0.3333	0.3645
[100]	[0.0008]	-0.1382	0.2667	0.4026
[101]	[0.0053]	-0.1251	0.4667	0.4640
[102]	[0.0017]	0.0571	0.4667	0.4597
[103]	[-0.0023]	0.2751	0.4000	0.4081
[104]	[0.0046]	-0.0272	0.4000	0.3703
[105]	[-0.0065]	1.1717	0.2667	0.3283
[106]	[0.0005]	0.0825	0.4667	0.4667
[107]	[0.0297]	-1.1803	0.4000	0.3871
[108]	[-0.0001]	0.1397	0.4667	0.4667
[109]	[0.0125]	-0.8351	0.2667	0.3056
[110]	[0.0054]	0.0511	0.4667	0.4264
[111]	[0.0056]	-0.1866	0.6000	0.5309
[112]	[-0.0007]	2.6702	0.2667	0.2378
[113]	[-0.0043]	0.2100	0.5333	0.5339
[114]	[0.0043]	-0.2099	0.6000	0.5870
[115]	[0.0573]	-1.7713	0.1333	0.1706
[116]	[0.0085]	-0.0724	0.2667	0.2945
[117]	[0.0033]	-0.1366	0.4000	0.4231
[118]	[0.0008]	-0.3792	0.1333	0.1970
[119]	[0.0106]	-0.6142	0.3333	0.3850
[120]	[-0.0030]	0.2823	0.5333	0.5477
[121]	[-0.0016]	0.3291	0.4667	0.4353
[122]	[-0.0050]	0.3204	0.4667	0.4061
[123]	[0.0400]	-0.4754	0.4000	0.3464
[124]	[0.0126]	-1.5236	0.3333	0.3373
[125]	[-0.0054]	0.6891	0.4000	0.3952
[126]	[0.0106]	-0.2790	0.4000	0.4321
[127]	[0.0264]	-1.7345	0.2667	0.2777
[128]	[0.0060]	-0.0937	0.3333	0.3036
[129]	[0.0757]	-0.5561	0.3333	0.2980
[130]	[0.0086]	-2.0947	0.2667	0.3059
[131]	[0.0020]	-0.8838	0.3333	0.3976
[132]	[0.0027]	-0.5168	0.3333	0.3761
[133]	[0.0215]	-0.8772	0.3333	0.3621
[134]	[-0.0237]	0.7242	0.3333	0.3959
[135]	[0.0041]	-0.0258	0.4667	0.4895
[136]	[-0.0015]	0.6383	0.4000	0.3186
[137]	[0.0060]	-1.0575	0.2667	0.3316
[138]	[-0.0030]	0.2806	0.3333	0.3637
[139]	[-0.0009]	0.2344	0.5333	0.5173
[140]	[0.0285]	-0.4776	0.4000	0.4184
[141]	[0.0419]	-0.3402	0.2667	0.3223
[142]	[-0.0022]	0.1882	0.5333	0.5104
[143]	[-0.0011]	0.3562	0.4000	0.4116
[144]	[0.0018]	-0.2301	0.4000	0.4199
[145]	[-0.0053]	0.4666	0.4667	0.4447
[146]	[0.0228]	-0.3337	0.5333	0.4131
[147]	[0.0107]	-0.6161	0.4000	0.3512
[148]	[-0.0082]	0.3068	0.4667	0.4436
[149]	[-0.0026]	0.3376	0.4000	0.3835
[150]	[0.0015]	-0.1071	0.4000	0.3839
[151]	[-0.0039]	0.4307	0.4667	0.4490
[152]	[-0.0400]	1.9156	0.2000	0.2318
[153]	[0.0079]	0.0925	0.4667	0.4667
[154]	[0.0154]	-1.8431	0.2667	0.3387
[155]	[0.0088]	-0.1865	0.4000	0.4440
[156]	[0.0219]	-1.5204	0.4000	0.3263
[157]	[0.0078]	-0.4267	0.3333	0.3777
[158]	[0.0029]	0.0320	0.4667	0.4836
[159]	[0.0188]	-2.5063	0.2667	0.2708
[160]	[-0.0040]	1.0630	0.2667	0.2806
[161]	[0.0107]	-0.1665	0.3333	0.3929
[162]	[0.0167]	-0.9768	0.4000	0.3510
[163]	[-0.0002]	0.1423	0.4667	0.4667
[164]	[-0.0089]	0.7366	0.5333	0.4613
[165]	[0.0002]	-0.0031	0.4667	0.4513
[166]	[-0.0142]	1.3442	0.2667	0.2761
[167]	[0.0207]	-2.7400	0.3333	0.3066
[168]	[-0.0273]	0.6789	0.4000	0.3325
[169]	[0.0006]	0.1164	0.4667	0.4667
[170]	[0.0000]	0.1219	0.4667	0.4667
[171]	[0.0012]	-0.1965	0.4667	0.4674
[172]	[0.0353]	-3.9003	0.1333	0.2543
[173]	[0.0394]	-1.8645	0.2667	0.2778
[174]	[0.0181]	-0.9401	0.3333	0.3654
[175]	[0.0058]	-0.0029	0.5333	0.5328
[176]	[0.0177]	-0.2064	0.4000	0.3568
[177]	[-0.0401]	2.2892	0.2667	0.2765
[178]	[0.0300]	-1.7545	0.4000	0.3863
[179]	[0.0014]	0.0186	0.4667	0.3922
[180]	[0.0013]	0.0991	0.4667	0.4667
[181]	[-0.0155]	0.6939	0.4000	0.4629
[182]	[0.0047]	-1.3811	0.4000	0.4173
[183]	[-0.0055]	0.8315	0.2667	0.3837
[184]	[0.0084]	-0.1170	0.4667	0.4339
[185]	[-0.0099]	0.5539	0.4667	0.4601
[186]	[-0.0215]	2.2453	0.2000	0.2459
[187]	[0.0001]	0.0611	0.4667	0.4629
[188]	[-0.0037]	0.3299	0.4667	0.4460
[189]	[-0.0154]	1.0384	0.3333	0.3730
[190]	[0.0563]	-0.6268	0.2000	0.1905
[191]	[0.0318]	-2.3377	0.2000	0.2363
[192]	[0.0581]	-0.3211	0.2667	0.2304
[193]	[-0.0037]	0.2643	0.4000	0.3882
[194]	[-0.0346]	1.0262	0.2000	0.2391
[195]	[-0.0224]	1.1236	0.4000	0.4326
[196]	[-0.0190]	0.6905	0.4667	0.4446
[197]	[0.0521]	-1.9507	0.0667	0.1413
[198]	[0.0084]	-0.6596	0.4667	0.4423
[199]	[-0.0111]	0.7665	0.4000	0.3929
[200]	[0.0300]	0.0210	0.4667	0.4764
[201]	[0.0083]	-1.7248	0.2667	0.2926
[202]	[-0.0018]	0.2323	0.4667	0.4327
[203]	[-0.0145]	0.7351	0.4000	0.4111
[204]	[0.0280]	-2.8086	0.2000	0.1910
[205]	[-2197.8290]	0.1275	0.4667	0.4667
[206]	[-0.0039]	0.5166	0.3333	0.2857
[207]	[0.0106]	-0.2003	0.4000	0.4335
[208]	[0.0143]	-0.2511	0.4000	0.4269
[209]	[0.0046]	-0.9625	0.4000	0.3871
[210]	[0.0071]	-0.1888	0.4667	0.4954
[211]	[0.0158]	-0.5549	0.4000	0.3966
[212]	[0.0017]	-0.6735	0.4000	0.4094
[213]	[0.0030]	-0.4082	0.2000	0.1930
[214]	[0.0224]	-0.1531	0.4667	0.4817
[215]	[-0.0341]	1.4791	0.2000	0.2557
[216]	[-0.0070]	0.5185	0.4667	0.4236
[217]	[0.0268]	-0.9753	0.2000	0.2627
[218]	[-0.0035]	0.4497	0.4667	0.4348
[219]	[0.0060]	-0.2350	0.4667	0.5082
[220]	[0.0139]	-0.6640	0.5333	0.4767
[221]	[-0.0084]	0.6549	0.4000	0.4416
[222]	[-0.0076]	1.0724	0.2667	0.2264
[223]	[0.0303]	-1.3232	0.2667	0.2805
[224]	[-0.0074]	0.4893	0.4667	0.4462
[225]	[-0.0062]	0.2404	0.4667	0.4612
[226]	[0.0951]	-0.7115	0.3333	0.3117
[227]	[0.0202]	-0.7626	0.3333	0.3331
[228]	[0.0115]	-0.5950	0.3333	0.3946
[229]	[0.0029]	-0.2130	0.4000	0.4359
[230]	[-0.0031]	0.2716	0.4667	0.5007
[231]	[-0.0187]	0.7403	0.4667	0.4007
[232]	[0.0132]	-0.3418	0.2000	0.3446
[233]	[0.0024]	-0.4545	0.6000	0.5244
[234]	[-0.0076]	0.5767	0.5333	0.5124
[235]	[0.0102]	-0.8160	0.4000	0.3888
[236]	[-0.0618]	3.0959	0.2000	0.2087
[237]	[0.0104]	-0.6346	0.4667	0.4158
[238]	[-0.0235]	1.1213	0.3333	0.3708
[239]	[0.0700]	-1.4142	0.2000	0.2510
[240]	[-0.0000]	0.1341	0.4667	0.4667
[241]	[0.0049]	-0.3140	0.2000	0.2047
[242]	[-0.0010]	0.1761	0.4667	0.4564
[243]	[-0.0370]	1.2448	0.2000	0.2993
[244]	[0.0040]	0.0119	0.4667	0.5169
[245]	[0.0470]	-1.3371	0.2667	0.2612
[246]	[-0.0152]	0.3867	0.4667	0.4369
[247]	[-0.0053]	0.2728	0.4667	0.4002
[248]	[-0.0050]	0.3747	0.2667	0.3149
[249]	[0.0000]	-0.3727	0.3333	0.3861
[250]	[0.0001]	0.1286	0.4667	0.4667
[251]	[-0.0099]	1.5759	0.2667	0.2733
[252]	[-0.0343]	1.0617	0.3333	0.3051
[253]	[0.0030]	0.0424	0.4667	0.4633
[254]	[0.0070]	-0.2534	0.4667	0.4755
[255]	[0.0233]	-1.1149	0.2000	0.1846
[256]	[0.0324]	-1.2321	0.2000	0.2956
[257]	[0.0026]	0.0567	0.4667	0.4478
[258]	[-0.0024]	0.1920	0.4000	0.4160
[259]	[-0.0005]	0.1554	0.4667	0.4667
[260]	[0.0006]	-2.8896	0.2000	0.2911
[261]	[0.0052]	-0.4229	0.5333	0.5100
[262]	[-0.0100]	0.7021	0.4000	0.4084
[263]	[-0.0144]	0.6077	0.4000	0.3871
[264]	[-0.0048]	1.9760	0.4667	0.4139
[265]	[0.0002]	0.1200	0.4667	0.4667
[266]	[0.0546]	-0.1147	0.4000	0.3413
[267]	[0.0051]	-0.6161	0.4000	0.3625
[268]	[0.0022]	-0.2538	0.5333	0.4887
[269]	[0.0179]	0.0043	0.4667	0.6551
[270]	[0.0030]	-0.0060	0.5333	0.4732
[271]	[-0.0070]	0.5952	0.3333	0.3817
[272]	[0.0284]	-2.0801	0.2667	0.2509
[273]	[-0.0013]	0.1573	0.4667	0.4667
[274]	[-0.0023]	0.2260	0.4667	0.4521
[275]	[-0.0142]	0.8386	0.3333	0.2909
[276]	[0.0443]	-0.3081	0.3333	0.2728
[277]	[-0.0057]	0.5340	0.4000	0.4048
[278]	[-0.0039]	0.3552	0.4000	0.4420
[279]	[0.0176]	-0.4603	0.4667	0.4430
[280]	[-0.0180]	0.5738	0.4000	0.3929
[281]	[0.0004]	0.1167	0.4667	0.4667
[282]	[-0.0009]	0.3143	0.5333	0.4692
[283]	[0.1492]	-0.3228	0.3333	0.3122
[284]	[-0.0007]	0.1623	0.4667	0.4667
[285]	[0.0149]	-0.3982	0.4000	0.4111
[286]	[-0.0229]	0.9236	0.4000	0.3546
[287]	[0.0126]	-0.7073	0.2667	0.3514
[288]	[0.0384]	-0.2165	0.2667	0.2121
[289]	[0.0464]	-1.4540	0.3333	0.3179
[290]	[-0.0105]	0.3626	0.4667	0.4504
[291]	[-0.0203]	0.5032	0.4667	0.4410
[292]	[-0.0290]	0.9791	0.3333	0.3096
[293]	[0.0157]	-0.0727	0.4667	0.4676
[294]	[0.0263]	-0.7021	0.2667	0.3330
[295]	[0.0187]	-0.4552	0.2667	0.3150
[296]	[0.0015]	-0.3344	0.1333	0.2025
[297]	[-0.0005]	0.2465	0.4000	0.3881
[298]	[-0.0098]	0.3697	0.4667	0.4246
[299]	[-0.0053]	0.2623	0.4667	0.4764
[300]	[-0.0071]	0.4910	0.4000	0.2985
[301]	[-0.0037]	0.3314	0.4667	0.4597
[302]	[0.0018]	0.0585	0.4667	0.4340
[303]	[-0.0290]	1.2177	0.3333	0.3220
[304]	[0.0084]	-0.1693	0.3333	0.3164
[305]	[-0.0004]	0.1548	0.4667	0.4667
[306]	[0.0110]	-0.5060	0.4667	0.4411
[307]	[0.0170]	-2.5767	0.2000	0.2032
[308]	[0.0200]	-0.2735	0.4000	0.3470
[309]	[0.0012]	-0.6832	0.3333	0.3427
[310]	[0.0132]	-0.6653	0.4667	0.4035
[311]	[-0.0033]	0.2259	0.4667	0.4896
[312]	[0.0125]	-0.3218	0.4000	0.3836
[313]	[-0.0045]	0.4826	0.4667	0.4245
[314]	[-0.0159]	0.3731	0.4000	0.3982
[315]	[0.0045]	-0.0773	0.4000	0.4070
[316]	[-0.0143]	0.4918	0.5333	0.4724
[317]	[-0.0047]	0.9266	0.3333	0.3742
[318]	[-0.0012]	0.4527	0.4000	0.4141
[319]	[0.0162]	-0.1360	0.3333	0.3959
[320]	[0.0027]	-1.8910	0.2000	0.2621
[321]	[-0.0039]	2.1164	0.2667	0.3565
[322]	[0.0016]	-0.1157	0.3333	0.4559
[323]	[-0.0366]	0.9907	0.3333	0.3305
[324]	[0.0252]	-1.7656	0.2667	0.2598
[325]	[-0.0059]	0.2576	0.4667	0.4693
[326]	[-0.0535]	1.6273	0.2000	0.2538
[327]	[-0.0265]	2.1087	0.4000	0.3722
[328]	[0.0082]	-1.8057	0.2000	0.2344
[329]	[0.0383]	-1.6587	0.2000	0.1608
[330]	[0.0084]	-0.4215	0.4000	0.4247
[331]	[0.0104]	-0.0275	0.5333	0.5214
[332]	[0.0077]	-0.6031	0.3333	0.3811
[333]	[-0.0005]	0.1750	0.4667	0.4667
[334]	[-0.0239]	0.5415	0.4667	0.4220
[335]	[-0.0019]	0.3701	0.4000	0.2939
[336]	[0.0003]	0.1226	0.4667	0.4667
[337]	[-0.0009]	0.3800	0.4000	0.4070
[338]	[-0.0026]	0.2465	0.4000	0.4063
[339]	[0.0143]	-0.2268	0.5333	0.4502
[340]	[-0.0015]	0.2486	0.4000	0.3921
[341]	[-0.0369]	1.5969	0.3333	0.2782
[342]	[-0.0157]	0.6629	0.4000	0.3840
[343]	[0.0357]	-0.6929	0.2667	0.3124
[344]	[-0.0068]	0.3067	0.4000	0.4139
[345]	[-0.0151]	0.4740	0.4000	0.4151
[346]	[0.0588]	-1.3849	0.2667	0.2863
[347]	[-0.0072]	0.7968	0.3333	0.2487
[348]	[-0.0003]	0.1471	0.4667	0.4667
[349]	[0.0853]	-6.7975	0.1333	0.1497
[350]	[0.0107]	-0.2712	0.6000	0.4697
[351]	[-0.0022]	0.2172	0.4000	0.4316
[352]	[-0.0046]	0.4332	0.5333	0.4379
[353]	[0.0603]	-1.5144	0.2000	0.2094
[354]	[0.0350]	-0.6906	0.2000	0.2042
[355]	[0.0003]	0.1214	0.4667	0.4667
[356]	[-0.0027]	0.7274	0.4000	0.3860
[357]	[-0.0089]	0.4215	0.3333	0.3746
[358]	[-0.0051]	0.3406	0.3333	0.3770
[359]	[-0.0036]	0.1969	0.4000	0.3958
[360]	[-0.0023]	0.2898	0.4667	0.4861
[361]	[0.0171]	-0.1304	0.5333	0.4634
[362]	[0.0012]	0.0492	0.4667	0.4142
[363]	[0.0011]	0.0919	0.4667	0.4667
[364]	[0.0109]	-1.4694	0.2000	0.2767
[365]	[-0.0089]	0.4717	0.4667	0.4377
[366]	[0.0117]	-1.0055	0.2667	0.3276
[367]	[0.0079]	-0.6116	0.2000	0.3746
[368]	[-0.0351]	0.9643	0.2667	0.3160
[369]	[0.0002]	-0.0743	0.3333	0.3353
[370]	[0.0081]	-0.0163	0.4000	0.4441
[371]	[0.0364]	-0.8003	0.2667	0.2028
[372]	[0.0050]	-6.4404	0.0667	0.1049
[373]	[0.0039]	-0.4220	0.4667	0.4352
[374]	[0.0205]	-0.5522	0.4000	0.4034
[375]	[0.0028]	-0.0282	0.4000	0.3991
[376]	[0.0006]	-0.3072	0.3333	0.4103
[377]	[0.0312]	-0.3861	0.4667	0.4419
[378]	[0.0406]	-0.2161	0.2667	0.2150
[379]	[-0.0001]	0.1660	0.4667	0.4667
[380]	[0.0050]	-0.4186	0.4667	0.4511
[381]	[0.0001]	0.1201	0.4667	0.4667
[382]	[0.0025]	-0.0748	0.4667	0.4796
[383]	[-0.0064]	0.2920	0.4000	0.3781
[384]	[0.0326]	-0.5870	0.3333	0.3602
[385]	[0.0114]	-0.5338	0.4000	0.3668
[386]	[-0.0081]	0.6894	0.4000	0.3925
[387]	[0.0235]	-0.4122	0.4000	0.4006
[388]	[0.0048]	-0.3785	0.3333	0.2641
[389]	[-0.0007]	0.1506	0.4667	0.4667
[390]	[0.0040]	-0.1220	0.4000	0.4163
[391]	[0.0103]	-0.2726	0.4667	0.4035
[392]	[0.0381]	-0.7579	0.3333	0.3421
[393]	[0.0026]	-0.0388	0.4667	0.4901
[394]	[-0.0364]	0.9448	0.2667	0.2893
[395]	[-0.0136]	0.9405	0.2667	0.2505
[396]	[-0.0200]	0.2545	0.4667	0.4417
[397]	[0.0089]	-0.7776	0.3333	0.3450
[398]	[0.0084]	-3.2217	0.1333	0.2408
[399]	[0.0360]	-0.2835	0.4667	0.4552
[400]	[0.0032]	-0.3752	0.4000	0.4323
[401]	[-0.0022]	0.2997	0.4667	0.4238
[402]	[-0.0110]	0.7921	0.4000	0.4182
[403]	[0.0226]	-1.2450	0.2000	0.2868
[404]	[0.0073]	-0.0685	0.4000	0.4285
[405]	[-0.0170]	0.9908	0.3333	0.3566
[406]	[-0.0081]	0.9750	0.3333	0.3122
[407]	[-0.0046]	0.3429	0.3333	0.3873
[408]	[-0.0083]	0.3640	0.5333	0.4615
[409]	[-0.0131]	0.3704	0.3333	0.4055
[410]	[-0.0111]	0.6289	0.4000	0.3686
[411]	[0.0071]	-0.0260	0.5333	0.5132
[412]	[0.0185]	-0.6293	0.2000	0.1784
[413]	[0.0015]	-0.3222	0.2667	0.2105
[414]	[0.0199]	-0.1367	0.5333	0.5412
[415]	[0.0518]	-1.3308	0.0667	0.1488
[416]	[-0.0088]	0.1855	0.5333	0.5248
[417]	[-0.0412]	1.4210	0.2667	0.2961
[418]	[-0.0143]	0.6190	0.4000	0.3954
[419]	[0.0199]	-0.3532	0.4000	0.4908
[420]	[0.0498]	-0.6235	0.2000	0.2912
[421]	[-0.0166]	0.7879	0.3333	0.3684
[422]	[0.0068]	0.0190	0.4667	0.4015
[423]	[0.0044]	-0.6731	0.4667	0.4101
[424]	[0.0124]	0.0339	0.4667	0.5825
[425]	[0.0193]	-0.9893	0.4000	0.3805
[426]	[0.0094]	-0.1072	0.4000	0.4301
[427]	[0.0060]	-0.4376	0.4667	0.4617
[428]	[-0.0163]	0.6752	0.4000	0.3883
[429]	[0.0026]	0.0821	0.4667	0.4584
[430]	[0.0076]	-2.3986	0.1333	0.1729
[431]	[-0.0014]	0.2868	0.4667	0.4667
[432]	[0.0082]	-0.3347	0.4000	0.4149
[433]	[0.0009]	0.1178	0.4667	0.4667
[434]	[-0.0228]	0.5822	0.4667	0.4465
[435]	[0.0041]	0.0133	0.4667	0.4438
[436]	[-0.0028]	0.5745	0.4667	0.4278
[437]	[-0.0041]	0.4369	0.4000	0.3860
[438]	[0.0304]	-0.0990	0.4000	0.4513
[439]	[0.0083]	-0.4228	0.4000	0.3663
[440]	[0.0003]	-1.8595	0.2667	0.3473
[441]	[-0.0047]	0.3747	0.4667	0.4752
[442]	[-0.0032]	0.3130	0.4000	0.2976
[443]	[0.0016]	0.0246	0.4667	0.4692
[444]	[0.0043]	-1.4670	0.2667	0.3291
[445]	[0.0125]	-2.2397	0.1333	0.1384
[446]	[-0.0041]	0.5519	0.3333	0.3874
[447]	[0.0024]	-0.0178	0.5333	0.4360
[448]	[0.0518]	-1.0524	0.2000	0.2284
[449]	[0.0072]	-1.4553	0.3333	0.3983
[450]	[0.0012]	0.0104	0.4667	0.4249
[451]	[-0.0111]	1.1306	0.4000	0.3944
[452]	[0.0230]	-0.2201	0.2667	0.3854
[453]	[-0.0002]	0.1634	0.4667	0.4667
[454]	[0.0027]	0.0816	0.4667	0.4651
[455]	[-0.0066]	0.7103	0.3333	0.3716
[456]	[0.0035]	-0.1922	0.3333	0.2453
[457]	[-0.0006]	0.1477	0.4667	0.4667
[458]	[-0.0055]	0.5065	0.4000	0.3587
[459]	[-0.0215]	1.2658	0.4000	0.3823
[460]	[0.0198]	-0.4513	0.4000	0.4142
[461]	[0.0054]	0.0226	0.4667	0.4224
[462]	[-0.0276]	1.1554	0.4000	0.3581
[463]	[-0.0001]	0.1417	0.4667	0.4667
[464]	[0.0004]	0.0855	0.4667	0.4667
