gene index	a_n	m	resub	bresub
[0]	[0.0005]	-1.4623	0.3750	0.3829
[1]	[0.0204]	-0.9122	0.3750	0.4069
[2]	[0.0037]	-0.8074	0.3125	0.3377
[3]	[-0.0068]	0.1998	0.5625	0.5164
[4]	[-0.0094]	1.1973	0.2500	0.3660
[5]	[-0.0006]	0.1506	0.5625	0.5015
[6]	[0.0103]	-0.3481	0.5000	0.4273
[7]	[-0.0038]	0.4336	0.5000	0.4403
[8]	[-0.0123]	0.8840	0.3125	0.3998
[9]	[-0.0042]	0.8184	0.4375	0.3963
[10]	[0.0402]	-0.7748	0.3125	0.3285
[11]	[0.0029]	-0.4739	0.5625	0.4846
[12]	[-0.0028]	0.3609	0.4375	0.4518
[13]	[0.0007]	-0.0163	0.3750	0.4373
[14]	[0.0187]	-0.7409	0.4375	0.3931
[15]	[0.0044]	-0.0970	0.4375	0.4463
[16]	[0.0206]	-0.6932	0.3750	0.3638
[17]	[0.0110]	-0.6466	0.3750	0.4278
[18]	[-0.0011]	1.5816	0.4375	0.4055
[19]	[-0.0147]	0.7916	0.4375	0.4025
[20]	[0.0128]	-0.8827	0.3750	0.3916
[21]	[-0.0058]	0.1830	0.5625	0.4796
[22]	[0.0075]	-0.1657	0.4375	0.4952
[23]	[0.0278]	-0.7476	0.2500	0.1995
[24]	[0.0067]	-0.8064	0.1250	0.3005
[25]	[0.0089]	-2.4226	0.3750	0.3813
[26]	[0.0117]	-1.7707	0.3125	0.3284
[27]	[-0.0097]	1.0230	0.3125	0.3810
[28]	[0.0012]	-0.3305	0.4375	0.3714
[29]	[0.0202]	-0.8808	0.2500	0.3137
[30]	[0.0042]	-0.2895	0.5000	0.4687
[31]	[-0.0132]	0.7561	0.2500	0.3746
[32]	[-0.0016]	0.4283	0.5000	0.4945
[33]	[-0.0072]	0.2576	0.5000	0.4564
[34]	[0.0134]	-0.4630	0.5625	0.4648
[35]	[-0.0027]	0.4004	0.5000	0.4759
[36]	[-0.0600]	1.2372	0.2500	0.3284
[37]	[0.0222]	-1.0679	0.3750	0.3259
[38]	[0.0061]	-0.6923	0.3750	0.4524
[39]	[-0.0024]	0.4427	0.2500	0.3896
[40]	[-0.0349]	1.1161	0.3125	0.3324
[41]	[0.0470]	-1.6910	0.1875	0.2131
[42]	[-0.0208]	1.3794	0.3750	0.3549
[43]	[-0.0151]	0.3248	0.3750	0.4039
[44]	[-0.0035]	0.4010	0.5000	0.4517
[45]	[-0.0959]	2.6239	0.2500	0.2388
[46]	[-0.0011]	0.0673	0.4375	0.5028
[47]	[0.0003]	-0.0536	0.5000	0.5174
[48]	[0.0190]	-2.2136	0.1875	0.2496
[49]	[0.0191]	-2.4643	0.3125	0.3171
[50]	[0.0196]	-0.7734	0.3750	0.3593
[51]	[0.0104]	-0.7797	0.3125	0.3214
[52]	[0.0230]	-0.5351	0.4375	0.4503
[53]	[0.0382]	-3.2120	0.3125	0.2610
[54]	[0.0021]	-0.6292	0.2500	0.2659
[55]	[0.0090]	-0.3523	0.4375	0.4536
[56]	[-0.0311]	0.9410	0.2500	0.3527
[57]	[-0.0013]	0.0375	0.5625	0.5050
[58]	[0.0010]	-0.0597	0.5000	0.5359
[59]	[-0.0076]	0.2640	0.5000	0.4694
[60]	[0.0096]	-1.8635	0.3750	0.4017
[61]	[0.0007]	-0.4749	0.3750	0.4232
[62]	[0.0172]	-0.2420	0.3750	0.4009
[63]	[0.0010]	-0.3158	0.4375	0.2950
[64]	[0.0446]	-1.7070	0.2500	0.2897
[65]	[0.0047]	-0.1090	0.5000	0.4831
[66]	[0.0111]	-0.5319	0.3750	0.3647
[67]	[-0.0241]	0.5628	0.4375	0.4207
[68]	[0.0153]	-0.3915	0.3750	0.3727
[69]	[0.0022]	-0.2018	0.5625	0.5049
[70]	[-0.0139]	0.4563	0.4375	0.4350
[71]	[0.0150]	-1.2826	0.3125	0.2899
[72]	[-0.0106]	0.9004	0.4375	0.3889
[73]	[-0.0139]	0.3632	0.4375	0.4443
[74]	[-0.0019]	0.0933	0.4375	0.4650
[75]	[0.0258]	-2.0351	0.4375	0.3498
[76]	[0.0263]	-1.3046	0.2500	0.2769
[77]	[-0.0077]	0.3340	0.5000	0.4927
[78]	[-0.0044]	0.3802	0.5625	0.4923
[79]	[-0.0026]	0.0795	0.5000	0.5089
[80]	[0.0197]	-1.2622	0.2500	0.3000
[81]	[0.0260]	-2.1047	0.3125	0.2913
[82]	[0.0156]	-0.8726	0.4375	0.4158
[83]	[-0.0101]	4.1181	0.1250	0.1454
[84]	[0.0200]	-1.1465	0.3750	0.3541
[85]	[0.0140]	-1.0466	0.3125	0.3774
[86]	[-0.0223]	1.0062	0.3750	0.3876
[87]	[-0.0063]	0.2933	0.3750	0.2502
[88]	[0.0186]	-3.2866	0.1875	0.1918
[89]	[-0.0015]	0.0630	0.3750	0.4597
[90]	[0.0161]	-0.2631	0.5000	0.3904
[91]	[0.0066]	-2.1832	0.2500	0.3076
[92]	[0.0388]	-0.9688	0.2500	0.2638
[93]	[-0.0052]	0.2676	0.3750	0.3920
[94]	[0.0225]	-0.9025	0.3750	0.3542
[95]	[0.0010]	-0.2426	0.4375	0.4653
[96]	[0.1117]	-2.7495	0.1250	0.1845
[97]	[0.0056]	-1.4127	0.3125	0.3476
[98]	[0.0083]	-1.0425	0.3750	0.3523
[99]	[-0.0220]	1.1872	0.3125	0.3163
[100]	[-0.0004]	0.1497	0.5000	0.4727
[101]	[-0.0256]	1.0019	0.2500	0.3037
[102]	[-0.0204]	0.7136	0.2500	0.3376
[103]	[0.0168]	-1.2839	0.4375	0.4244
[104]	[-0.0269]	0.8479	0.4375	0.4130
[105]	[-0.0043]	0.4687	0.5000	0.4524
[106]	[-0.0205]	1.6217	0.3750	0.3500
[107]	[-0.0153]	0.6850	0.3750	0.4425
[108]	[-0.0086]	0.5560	0.3750	0.4237
[109]	[0.0396]	-4.0399	0.3125	0.3284
[110]	[-0.0159]	0.2388	0.4375	0.4598
[111]	[-0.0099]	0.5257	0.4375	0.3943
[112]	[0.0005]	-1.3917	0.3750	0.3688
[113]	[0.0028]	-0.0493	0.4375	0.4623
[114]	[-0.0060]	0.4670	0.3750	0.3900
[115]	[0.0059]	-0.8328	0.2500	0.2449
[116]	[-0.1137]	2.2957	0.1875	0.2466
[117]	[-0.0120]	0.8314	0.3750	0.3773
[118]	[0.0001]	-0.5504	0.3750	0.2854
[119]	[-0.0141]	0.8706	0.2500	0.3099
[120]	[0.0208]	-1.7568	0.3125	0.3165
[121]	[0.0094]	-1.3682	0.3125	0.3761
[122]	[-0.0464]	1.1102	0.1875	0.2443
[123]	[-0.0033]	0.0741	0.5000	0.4804
[124]	[0.0072]	-1.4829	0.4375	0.3674
[125]	[0.0014]	-0.1126	0.3750	0.4503
[126]	[0.0031]	-0.1561	0.3750	0.4276
[127]	[0.0187]	-3.1602	0.1250	0.1843
[128]	[0.0021]	-0.3159	0.3750	0.3409
[129]	[0.0114]	-0.2206	0.5625	0.4814
[130]	[0.0053]	-1.9066	0.3750	0.3858
[131]	[0.0014]	-0.8922	0.3750	0.4016
[132]	[0.0043]	-1.2566	0.3750	0.3880
[133]	[0.0070]	-0.4793	0.5000	0.4451
[134]	[0.0258]	-0.6807	0.3750	0.3711
[135]	[-0.0079]	0.2917	0.5000	0.4905
[136]	[0.0002]	-0.0418	0.5000	0.4979
[137]	[0.0033]	-0.9317	0.3750	0.4455
[138]	[-0.0134]	0.5978	0.5625	0.4854
[139]	[-0.0118]	0.9539	0.1875	0.2267
[140]	[-0.0008]	0.0231	0.4375	0.4381
[141]	[0.0136]	-0.5362	0.3125	0.3114
[142]	[-0.0071]	0.1494	0.5000	0.4541
[143]	[-0.0049]	0.8925	0.5000	0.4908
[144]	[-0.0007]	0.1474	0.3750	0.4558
[145]	[0.0112]	-0.7987	0.4375	0.4083
[146]	[-0.0043]	0.1137	0.5625	0.5420
[147]	[0.0041]	-1.0070	0.3125	0.2750
[148]	[0.0330]	-0.9455	0.2500	0.2983
[149]	[-0.0169]	0.9351	0.3750	0.3834
[150]	[0.0052]	-1.2012	0.2500	0.2715
[151]	[0.0126]	-1.0777	0.3750	0.3438
[152]	[-0.0401]	0.6197	0.3750	0.3994
[153]	[0.0392]	-0.5019	0.3750	0.3612
[154]	[-0.0045]	0.6279	0.5000	0.4777
[155]	[-0.0196]	0.6333	0.3125	0.3753
[156]	[0.0059]	-0.6859	0.4375	0.4417
[157]	[-0.0073]	0.5626	0.3750	0.4117
[158]	[0.0108]	-0.4997	0.3750	0.4136
[159]	[0.0053]	-1.3309	0.3125	0.3931
[160]	[0.0074]	-1.0226	0.3125	0.3151
[161]	[0.0201]	-1.1331	0.2500	0.2743
[162]	[0.0123]	-1.3101	0.3125	0.3372
[163]	[0.0027]	-0.1370	0.5000	0.4766
[164]	[0.0093]	-0.6200	0.4375	0.4619
[165]	[-0.0005]	0.4014	0.5000	0.4396
[166]	[0.0021]	-0.1305	0.4375	0.4890
[167]	[0.0012]	-0.2184	0.5000	0.5307
[168]	[0.0576]	-1.1796	0.3125	0.2758
[169]	[-0.0023]	0.0628	0.6250	0.5200
[170]	[-0.0001]	0.0208	0.4375	0.4936
[171]	[-0.0015]	0.4065	0.4375	0.4717
[172]	[0.0007]	-0.1027	0.5625	0.5059
[173]	[-0.0166]	1.0544	0.5000	0.4473
[174]	[0.0164]	-1.5909	0.3125	0.3153
[175]	[0.0005]	-0.0114	0.5000	0.4940
[176]	[0.0044]	-0.4239	0.3750	0.3093
[177]	[0.0106]	-0.3577	0.5000	0.4463
[178]	[0.0001]	-0.0079	0.5000	0.5158
[179]	[-0.0141]	0.9648	0.2500	0.2959
[180]	[0.0210]	-0.7043	0.3125	0.3672
[181]	[-0.0091]	0.2840	0.3125	0.3789
[182]	[0.0127]	-6.0916	0.2500	0.2401
[183]	[0.0121]	-1.6388	0.3125	0.3188
[184]	[0.0116]	-0.4768	0.4375	0.4209
[185]	[-0.0377]	1.0288	0.3125	0.3320
[186]	[0.0154]	-1.0631	0.3125	0.3358
[187]	[-0.0002]	0.2123	0.4375	0.4365
[188]	[-0.0247]	0.8975	0.3125	0.3177
[189]	[0.0250]	-1.6401	0.4375	0.3809
[190]	[0.0077]	-0.6217	0.3750	0.3228
[191]	[-0.0285]	2.5758	0.2500	0.2915
[192]	[0.0151]	-0.6306	0.3750	0.3152
[193]	[0.0018]	-0.0628	0.5625	0.5657
[194]	[0.0171]	-0.2653	0.5000	0.5163
[195]	[-0.0116]	0.3876	0.4375	0.4382
[196]	[0.0025]	-0.0532	0.3750	0.4115
[197]	[-0.0155]	0.8977	0.4375	0.4405
[198]	[0.0079]	-0.9495	0.5000	0.4481
[199]	[0.0062]	-0.3051	0.4375	0.4010
[200]	[0.0209]	-0.4289	0.3125	0.2954
[201]	[0.0014]	-0.4433	0.4375	0.4836
[202]	[0.0055]	-0.6712	0.3750	0.2887
[203]	[0.0195]	-1.0050	0.3750	0.3784
[204]	[0.0078]	-1.8651	0.1875	0.2581
[205]	[0.0084]	-0.3431	0.3750	0.2360
[206]	[0.0031]	-0.0949	0.4375	0.4512
[207]	[-0.0070]	0.2503	0.4375	0.4487
[208]	[-0.0177]	0.4640	0.3750	0.4176
[209]	[0.0021]	-0.6129	0.4375	0.4567
[210]	[0.0040]	-0.1992	0.2500	0.3937
[211]	[0.0098]	-0.7278	0.3750	0.4034
[212]	[0.0001]	-0.0765	0.5625	0.4942
[213]	[0.0004]	-0.4177	0.3750	0.2971
[214]	[0.0048]	-0.3363	0.4375	0.3745
[215]	[0.0281]	-0.7561	0.3125	0.3652
[216]	[0.0015]	-0.0623	0.4375	0.4303
[217]	[0.0079]	-0.9002	0.2500	0.3326
[218]	[0.0031]	-0.7675	0.2500	0.2210
[219]	[-0.0158]	0.8973	0.3125	0.4059
[220]	[-0.0003]	0.0165	0.5000	0.5260
[221]	[-0.0149]	0.7366	0.4375	0.4330
[222]	[-0.0097]	0.5339	0.3750	0.3884
[223]	[0.0020]	-0.6110	0.2500	0.2189
[224]	[-0.0062]	0.2246	0.5625	0.4990
[225]	[0.0204]	-0.3794	0.3750	0.3726
[226]	[0.0183]	-0.7870	0.2500	0.2138
[227]	[0.0135]	-1.1045	0.4375	0.4228
[228]	[-0.0077]	0.5283	0.4375	0.4615
[229]	[-0.0053]	0.5714	0.3750	0.4005
[230]	[0.0113]	-0.9266	0.3125	0.2836
[231]	[0.0168]	-0.6794	0.3750	0.3108
[232]	[-0.0134]	0.5364	0.4375	0.4496
[233]	[-0.0002]	0.0655	0.5625	0.5304
[234]	[0.0074]	-0.4379	0.3750	0.4301
[235]	[0.0020]	-0.2405	0.5625	0.5078
[236]	[0.0564]	-2.1080	0.2500	0.3146
[237]	[-0.0060]	0.4973	0.5000	0.4841
[238]	[0.0263]	-0.9196	0.5000	0.4472
[239]	[-0.0462]	1.2707	0.3125	0.3030
[240]	[-0.0046]	0.2943	0.3750	0.4556
[241]	[0.0006]	-0.3496	0.3750	0.3083
[242]	[0.0144]	-0.8270	0.3750	0.4158
[243]	[0.0332]	-0.9396	0.3125	0.3425
[244]	[0.0194]	-0.7407	0.5000	0.4505
[245]	[0.0168]	-1.0663	0.3750	0.4424
[246]	[0.0401]	-0.7901	0.3750	0.3404
[247]	[-0.0368]	0.7165	0.4375	0.4792
[248]	[-0.0006]	0.0239	0.4375	0.4485
[249]	[-0.0000]	0.5515	0.3125	0.3538
[250]	[-0.0020]	0.0875	0.3750	0.4266
[251]	[-0.0044]	0.2419	0.5625	0.4883
[252]	[0.0244]	-0.4047	0.3125	0.3623
[253]	[0.0062]	-0.1957	0.5625	0.4882
[254]	[0.0032]	-0.2087	0.5625	0.5056
[255]	[-0.0093]	0.6833	0.3750	0.3707
[256]	[-0.0313]	1.4056	0.1875	0.2772
[257]	[-0.0143]	0.3841	0.4375	0.4217
[258]	[0.0165]	-0.4302	0.4375	0.4284
[259]	[-0.0207]	0.7309	0.3750	0.3687
[260]	[0.0003]	-2.5201	0.2500	0.3090
[261]	[0.0070]	-0.9515	0.3750	0.3767
[262]	[-0.0105]	0.4539	0.3750	0.3897
[263]	[0.0108]	-0.3271	0.4375	0.4391
[264]	[-0.0130]	3.8100	0.3125	0.3147
[265]	[0.0034]	-0.3439	0.5625	0.5055
[266]	[0.0109]	-0.3998	0.3750	0.2855
[267]	[0.0046]	-0.8027	0.5625	0.4582
[268]	[0.0054]	-1.2011	0.3750	0.3682
[269]	[0.0312]	-0.6004	0.3125	0.3052
[270]	[-0.0197]	0.7229	0.4375	0.3870
[271]	[0.0086]	-0.6414	0.4375	0.3820
[272]	[-0.0185]	1.7684	0.4375	0.4241
[273]	[0.0346]	-0.8847	0.4375	0.3884
[274]	[-0.0103]	0.3295	0.5000	0.5231
[275]	[0.0085]	-0.1954	0.4375	0.4358
[276]	[0.0030]	-0.3072	0.3125	0.2491
[277]	[0.0029]	-0.1862	0.5000	0.4730
[278]	[-0.0138]	0.5572	0.3750	0.3998
[279]	[-0.0078]	0.2990	0.5000	0.5357
[280]	[0.0111]	-0.2069	0.5625	0.4739
[281]	[-0.0083]	0.3631	0.3750	0.3875
[282]	[0.0003]	-0.0657	0.5625	0.5182
[283]	[0.0251]	-0.1935	0.5000	0.5099
[284]	[-0.0074]	0.2396	0.3125	0.4159
[285]	[-0.0152]	0.5349	0.3125	0.3815
[286]	[-0.0037]	0.0904	0.5000	0.5073
[287]	[0.0002]	-0.0168	0.5000	0.5072
[288]	[0.0271]	-1.1094	0.2500	0.2779
[289]	[0.0105]	-0.5309	0.3750	0.4681
[290]	[0.0056]	-0.1221	0.5000	0.5088
[291]	[0.0227]	-0.3713	0.4375	0.4157
[292]	[0.0361]	-0.6691	0.4375	0.3849
[293]	[0.0088]	-0.1383	0.6250	0.5360
[294]	[-0.0199]	0.6306	0.2500	0.3302
[295]	[-0.0264]	0.8674	0.4375	0.4409
[296]	[0.0006]	-0.4156	0.3750	0.3675
[297]	[-0.0055]	1.0969	0.4375	0.4335
[298]	[0.0305]	-0.8430	0.2500	0.3421
[299]	[0.0324]	-1.0048	0.3125	0.3439
[300]	[-0.0082]	0.1955	0.5000	0.4589
[301]	[-0.0053]	0.2568	0.5000	0.4760
[302]	[-0.0320]	1.1010	0.3125	0.3370
[303]	[0.0234]	-0.7328	0.4375	0.4252
[304]	[0.0015]	-0.3594	0.3750	0.3025
[305]	[0.0333]	-3.2568	0.2500	0.2312
[306]	[-0.0038]	0.2551	0.5625	0.4887
[307]	[0.0069]	-2.2576	0.1875	0.3042
[308]	[0.0045]	-0.3816	0.3750	0.3255
[309]	[-0.0005]	0.3858	0.5000	0.5008
[310]	[-0.0103]	0.6740	0.3750	0.4046
[311]	[0.0035]	-0.0970	0.4375	0.4538
[312]	[-0.0022]	0.0896	0.4375	0.4610
[313]	[-0.0071]	0.4352	0.4375	0.4169
[314]	[0.0488]	-1.0415	0.2500	0.3036
[315]	[0.0179]	-0.9987	0.4375	0.4324
[316]	[0.0049]	-0.3727	0.3125	0.2452
[317]	[0.0012]	-0.1830	0.3750	0.4151
[318]	[0.0002]	-0.0536	0.3750	0.4710
[319]	[-0.0123]	0.2306	0.3750	0.4394
[320]	[0.0011]	-1.4215	0.2500	0.3520
[321]	[-0.0027]	1.1638	0.4375	0.4307
[322]	[-0.0024]	0.3177	0.4375	0.2924
[323]	[0.0188]	-0.3471	0.4375	0.4194
[324]	[0.0056]	-0.9601	0.3125	0.3675
[325]	[0.0089]	-0.2312	0.4375	0.4020
[326]	[0.0163]	-0.3402	0.5000	0.3830
[327]	[0.0343]	-2.8826	0.2500	0.2655
[328]	[-0.0025]	0.7498	0.4375	0.5000
[329]	[0.0213]	-2.7026	0.1875	0.2803
[330]	[-0.0201]	1.2591	0.5000	0.4291
[331]	[0.0070]	-0.1529	0.3750	0.4259
[332]	[-0.0004]	0.0495	0.5000	0.4919
[333]	[0.0096]	-1.1303	0.3125	0.3439
[334]	[0.0275]	-0.3836	0.3750	0.4342
[335]	[-0.0606]	2.3791	0.3125	0.3222
[336]	[0.0007]	-0.0242	0.5625	0.5278
[337]	[-0.0016]	0.3748	0.4375	0.4489
[338]	[-0.0320]	1.0113	0.1875	0.2534
[339]	[-0.0076]	0.2042	0.3125	0.4409
[340]	[0.0264]	-2.2225	0.3125	0.3038
[341]	[-0.0062]	0.1126	0.5625	0.5457
[342]	[-0.0170]	0.3374	0.4375	0.4126
[343]	[-0.0117]	0.3394	0.5000	0.4727
[344]	[-0.0442]	0.8018	0.3750	0.3906
[345]	[0.0156]	-0.3236	0.2500	0.2984
[346]	[-0.0163]	0.4870	0.3750	0.3766
[347]	[0.0199]	-0.6581	0.4375	0.4117
[348]	[-0.0214]	0.7156	0.3750	0.3802
[349]	[-0.0531]	4.7192	0.2500	0.2305
[350]	[-0.0038]	0.1639	0.5000	0.4957
[351]	[0.0064]	-0.2519	0.5000	0.4643
[352]	[0.0020]	-0.1107	0.5000	0.4641
[353]	[-0.0041]	0.1929	0.5000	0.4912
[354]	[0.0025]	-0.3858	0.3125	0.2443
[355]	[-0.0138]	0.5509	0.3125	0.4105
[356]	[0.0004]	-0.0707	0.5000	0.4923
[357]	[-0.0105]	0.2587	0.4375	0.4147
[358]	[0.0126]	-0.5541	0.4375	0.4710
[359]	[0.0237]	-0.5333	0.3750	0.4402
[360]	[0.0053]	-0.3798	0.4375	0.4391
[361]	[0.0099]	-0.2299	0.4375	0.4317
[362]	[-0.0063]	0.2860	0.3750	0.3289
[363]	[0.0043]	-0.1863	0.5000	0.4816
[364]	[-0.0106]	1.5805	0.1875	0.2886
[365]	[-0.0116]	0.3294	0.5000	0.5110
[366]	[-0.0010]	0.1293	0.5000	0.4681
[367]	[0.0139]	-2.3488	0.1250	0.2298
[368]	[0.0213]	-0.4255	0.4375	0.4121
[369]	[-0.0002]	0.1981	0.4375	0.3636
[370]	[0.0298]	-0.7078	0.3750	0.3779
[371]	[-0.0010]	0.0439	0.3750	0.4401
[372]	[-0.0001]	0.2237	0.4375	0.4757
[373]	[-0.0157]	1.7276	0.3125	0.3053
[374]	[0.0133]	-0.8857	0.3125	0.3508
[375]	[-0.0268]	1.2926	0.2500	0.3352
[376]	[0.0010]	-0.8495	0.4375	0.3908
[377]	[0.0164]	-0.5678	0.4375	0.3999
[378]	[0.0027]	-0.2782	0.3125	0.2556
[379]	[0.0017]	-2.0040	0.1875	0.1782
[380]	[-0.0068]	0.7028	0.3125	0.3817
[381]	[-0.0073]	0.9626	0.3750	0.4105
[382]	[0.0026]	-0.2352	0.5000	0.4831
[383]	[0.0171]	-0.4204	0.5000	0.4685
[384]	[0.0045]	-0.5396	0.2500	0.2295
[385]	[0.0144]	-1.1331	0.3750	0.4281
[386]	[-0.0078]	0.2724	0.5000	0.4561
[387]	[-0.0071]	0.1948	0.4375	0.4657
[388]	[-0.0000]	0.0051	0.4375	0.4497
[389]	[-0.0144]	0.2994	0.4375	0.4695
[390]	[-0.0059]	0.3346	0.3750	0.3319
[391]	[0.0142]	-0.8024	0.3750	0.4137
[392]	[0.0246]	-1.1662	0.1875	0.2979
[393]	[-0.0281]	1.3983	0.1875	0.2516
[394]	[0.0451]	-0.9561	0.2500	0.3160
[395]	[-0.0099]	0.2118	0.3750	0.3945
[396]	[0.0451]	-0.6465	0.3125	0.3039
[397]	[-0.0045]	0.4900	0.3125	0.3830
[398]	[0.0016]	-0.9481	0.5000	0.4443
[399]	[0.0168]	-0.4431	0.4375	0.4122
[400]	[-0.0036]	0.5616	0.5625	0.4675
[401]	[-0.0122]	0.4109	0.2500	0.2394
[402]	[0.0127]	-0.7329	0.4375	0.4340
[403]	[-0.0023]	0.1845	0.4375	0.4640
[404]	[0.0039]	-0.2020	0.3125	0.3869
[405]	[0.0023]	-0.0871	0.6250	0.5186
[406]	[0.0129]	-1.1718	0.4375	0.4243
[407]	[0.0264]	-1.6433	0.3750	0.3397
[408]	[0.0134]	-0.3813	0.3750	0.4170
[409]	[0.0142]	-0.2548	0.4375	0.4841
[410]	[0.0087]	-0.3281	0.5000	0.4664
[411]	[0.0278]	-1.0459	0.3750	0.3780
[412]	[0.0031]	-0.7064	0.2500	0.2748
[413]	[0.0003]	-0.4974	0.3750	0.3279
[414]	[0.0354]	-0.8287	0.2500	0.2808
[415]	[0.0033]	-0.3183	0.3750	0.3329
[416]	[0.0093]	-0.2817	0.3750	0.2773
[417]	[0.0380]	-1.6505	0.1875	0.2476
[418]	[-0.0003]	0.0080	0.4375	0.4428
[419]	[0.0159]	-0.6202	0.3750	0.4120
[420]	[0.0004]	-0.0101	0.3750	0.4581
[421]	[-0.0262]	0.6228	0.5625	0.4690
[422]	[-0.0139]	0.2308	0.4375	0.4523
[423]	[-0.0007]	0.1420	0.4375	0.4752
[424]	[0.0244]	-0.3820	0.3750	0.3781
[425]	[-0.0159]	0.9812	0.3750	0.3625
[426]	[-0.0040]	0.1072	0.4375	0.4575
[427]	[0.0163]	-2.1932	0.2500	0.2919
[428]	[0.0141]	-0.4248	0.3750	0.4260
[429]	[0.0071]	-0.1641	0.5000	0.4780
[430]	[0.0008]	-0.3965	0.5000	0.4708
[431]	[-0.0006]	0.0607	0.4375	0.4518
[432]	[-0.0276]	1.3191	0.3125	0.2914
[433]	[0.0704]	-1.7426	0.2500	0.2762
[434]	[0.0552]	-1.0769	0.3750	0.3815
[435]	[-0.0015]	0.0445	0.5625	0.4879
[436]	[0.0063]	-1.0691	0.3750	0.3709
[437]	[0.0161]	-1.3419	0.3125	0.3327
[438]	[0.0250]	-0.5945	0.3125	0.3604
[439]	[-0.0125]	0.7376	0.2500	0.2220
[440]	[0.0001]	-0.9034	0.5000	0.5206
[441]	[-0.0115]	0.5327	0.4375	0.4223
[442]	[0.0028]	-0.1397	0.4375	0.2833
[443]	[-0.0272]	1.4884	0.3125	0.3262
[444]	[0.0002]	-0.0806	0.5000	0.5000
[445]	[-0.0024]	0.7121	0.3125	0.3782
[446]	[-0.0192]	1.3233	0.2500	0.3158
[447]	[-0.0108]	0.6388	0.3750	0.4135
[448]	[0.0265]	-1.4003	0.4375	0.3779
[449]	[0.0047]	-1.7520	0.2500	0.2838
[450]	[-0.0158]	1.2938	0.3125	0.3798
[451]	[0.0215]	-2.1927	0.3125	0.2920
[452]	[0.0359]	-1.0585	0.2500	0.3011
[453]	[0.0061]	-1.7437	0.2500	0.2350
[454]	[0.0355]	-1.4170	0.1875	0.2562
[455]	[-0.0044]	0.2987	0.5000	0.4469
[456]	[0.0009]	-0.1804	0.4375	0.4597
[457]	[0.0064]	-0.1556	0.3125	0.4036
[458]	[0.0194]	-1.5612	0.2500	0.2792
[459]	[0.0127]	-0.6471	0.4375	0.4186
[460]	[0.0166]	-0.8671	0.3750	0.3706
[461]	[0.0109]	-0.2718	0.4375	0.4347
[462]	[-0.0013]	0.0346	0.4375	0.4038
[463]	[-0.0101]	0.5411	0.3750	0.4210
[464]	[-0.0023]	0.3015	0.5000	0.4658
