gene index	a_n	m	resub	bresub
[0]	[0.0016]	-3.1721	0.0714	0.2026
[1]	[-0.0177]	0.5499	0.3571	0.3252
[2]	[0.0025]	-0.7470	0.4286	0.4162
[3]	[0.0029]	-0.1023	0.5000	0.4925
[4]	[0.0387]	-3.2820	0.1429	0.2019
[5]	[0.0044]	-1.2560	0.2857	0.3166
[6]	[0.0023]	-0.0822	0.5714	0.4822
[7]	[-0.0033]	0.6613	0.4286	0.3953
[8]	[0.0208]	-0.8131	0.5000	0.4450
[9]	[0.0019]	-0.3447	0.4286	0.4212
[10]	[0.0157]	-0.3760	0.2857	0.3247
[11]	[0.0033]	-0.4287	0.4286	0.4577
[12]	[-0.0035]	0.4080	0.4286	0.4758
[13]	[0.0471]	-1.0230	0.3571	0.3316
[14]	[0.0264]	-0.5655	0.2143	0.2246
[15]	[0.0178]	-0.1809	0.4286	0.4045
[16]	[-0.0098]	0.1168	0.6429	0.6018
[17]	[0.0074]	-0.3120	0.5000	0.5013
[18]	[0.0024]	-2.7160	0.1429	0.2281
[19]	[0.0126]	-0.4420	0.3571	0.4086
[20]	[-0.0003]	0.0220	0.5000	0.4932
[21]	[0.0059]	-0.1458	0.3571	0.3977
[22]	[-0.0050]	0.1456	0.5714	0.5292
[23]	[0.0500]	-0.3270	0.3571	0.3378
[24]	[0.0207]	-1.0847	0.4286	0.4196
[25]	[-0.0030]	0.5650	0.5000	0.4954
[26]	[-0.0039]	0.5997	0.5000	0.4300
[27]	[0.0068]	-0.8309	0.5714	0.4784
[28]	[0.0257]	-1.5206	0.1429	0.1833
[29]	[0.0661]	-2.1561	0.2143	0.1990
[30]	[0.0033]	-0.0687	0.2857	0.4118
[31]	[-0.0190]	1.5455	0.3571	0.3736
[32]	[0.0009]	-0.2552	0.4286	0.4150
[33]	[0.0546]	-1.2640	0.1429	0.1712
[34]	[0.0218]	-0.6123	0.2857	0.3203
[35]	[0.0110]	-1.1545	0.3571	0.3771
[36]	[0.0149]	-0.5431	0.5000	0.4542
[37]	[0.0045]	-0.4062	0.3571	0.3807
[38]	[0.0210]	-2.0060	0.2857	0.3677
[39]	[0.0101]	-0.9527	0.2857	0.3263
[40]	[0.0151]	-0.3224	0.4286	0.4997
[41]	[0.0067]	-0.3224	0.4286	0.4289
[42]	[0.0250]	-1.1039	0.2857	0.3316
[43]	[0.0519]	-0.9093	0.2143	0.3113
[44]	[0.0031]	-0.5223	0.3571	0.3147
[45]	[-0.0231]	0.7839	0.2857	0.3559
[46]	[-0.0060]	0.3450	0.5000	0.4940
[47]	[0.0082]	-1.1725	0.4286	0.3355
[48]	[0.0189]	-1.5493	0.3571	0.3822
[49]	[0.0261]	-2.5875	0.4286	0.3088
[50]	[-0.0039]	0.4399	0.3571	0.3767
[51]	[-0.0082]	0.1860	0.3571	0.4256
[52]	[0.0260]	-0.6462	0.4286	0.4127
[53]	[0.0129]	-0.7864	0.3571	0.3524
[54]	[0.0092]	-0.8858	0.4286	0.4240
[55]	[-0.0115]	0.5568	0.4286	0.4669
[56]	[-0.0089]	0.2892	0.5714	0.4548
[57]	[0.0006]	-0.0077	0.4286	0.4388
[58]	[-0.0089]	0.2483	0.4286	0.4353
[59]	[0.0091]	-0.3374	0.5000	0.4650
[60]	[0.0109]	-2.5253	0.3571	0.3541
[61]	[0.0011]	-0.7785	0.5000	0.4578
[62]	[0.0058]	-0.1794	0.4286	0.4278
[63]	[0.0052]	-0.7670	0.4286	0.4323
[64]	[0.0064]	-0.2467	0.3571	0.4287
[65]	[0.0182]	-0.1352	0.4286	0.4521
[66]	[-0.0132]	0.6143	0.4286	0.3867
[67]	[-0.0134]	0.7192	0.2857	0.2259
[68]	[0.0246]	-0.5655	0.2857	0.3202
[69]	[0.0011]	-0.0461	0.4286	0.4354
[70]	[0.0444]	-0.9374	0.2143	0.2594
[71]	[-0.0062]	0.5596	0.3571	0.4036
[72]	[0.0044]	-0.3897	0.4286	0.4836
[73]	[-0.0239]	0.9233	0.2143	0.3584
[74]	[0.0351]	-0.5086	0.4286	0.4226
[75]	[0.0104]	-0.6070	0.5000	0.4792
[76]	[-0.0130]	0.5223	0.4286	0.4346
[77]	[0.0395]	-1.4816	0.1429	0.1496
[78]	[-0.0017]	0.0735	0.3571	0.4735
[79]	[-0.0001]	0.0017	0.5000	0.4452
[80]	[0.0119]	-0.3772	0.4286	0.4773
[81]	[0.0316]	-1.5728	0.3571	0.3509
[82]	[0.0056]	-0.2532	0.2857	0.4176
[83]	[0.0005]	-0.1807	0.4286	0.4766
[84]	[0.0139]	-0.5061	0.5000	0.4406
[85]	[0.0127]	-0.6573	0.4286	0.3647
[86]	[-0.0198]	0.8902	0.4286	0.4098
[87]	[0.0082]	-0.4095	0.4286	0.4176
[88]	[0.0008]	-0.0950	0.4286	0.4595
[89]	[0.0054]	-0.1057	0.4286	0.4749
[90]	[0.0256]	-0.5252	0.4286	0.4260
[91]	[0.0025]	-0.5815	0.5000	0.4703
[92]	[0.0768]	-1.0776	0.1429	0.1852
[93]	[-0.0084]	0.1293	0.5714	0.5073
[94]	[-0.0280]	1.4876	0.2857	0.3572
[95]	[0.0029]	-0.3672	0.5714	0.4676
[96]	[0.0272]	-0.5952	0.3571	0.3604
[97]	[0.0190]	-3.3670	0.2143	0.2014
[98]	[0.0060]	-0.7727	0.4286	0.3776
[99]	[-0.0039]	0.4097	0.4286	0.4057
[100]	[0.0012]	-0.5273	0.4286	0.3885
[101]	[-0.0222]	0.7248	0.2857	0.3306
[102]	[-0.0005]	0.0231	0.5714	0.4927
[103]	[-0.0030]	0.1828	0.5000	0.5057
[104]	[-0.0152]	0.3665	0.5000	0.3992
[105]	[0.0001]	-0.0248	0.5714	0.5447
[106]	[0.0014]	-0.1479	0.5714	0.4973
[107]	[-0.0154]	0.5951	0.5714	0.5674
[108]	[-0.0086]	0.5596	0.3571	0.4501
[109]	[0.0119]	-1.0164	0.2857	0.3379
[110]	[0.0456]	-1.1294	0.2857	0.3102
[111]	[0.0111]	-0.6163	0.5000	0.4853
[112]	[-0.0001]	0.3031	0.4286	0.4270
[113]	[-0.0080]	0.1373	0.3571	0.3979
[114]	[-0.0103]	0.7505	0.5000	0.4402
[115]	[0.0361]	-1.0406	0.2143	0.2430
[116]	[0.0084]	-0.2375	0.5000	0.4203
[117]	[0.0043]	-0.5543	0.4286	0.3667
[118]	[0.0022]	-1.4968	0.2143	0.1711
[119]	[-0.0093]	0.4058	0.4286	0.3886
[120]	[0.0288]	-2.5239	0.2143	0.2495
[121]	[0.0028]	-0.3941	0.4286	0.4387
[122]	[-0.0042]	0.1562	0.5000	0.4925
[123]	[0.0198]	-0.5915	0.3571	0.2786
[124]	[0.0080]	-1.0887	0.4286	0.3695
[125]	[-0.0071]	0.7415	0.5000	0.4077
[126]	[0.0193]	-0.8145	0.3571	0.3847
[127]	[0.0424]	-3.0635	0.2143	0.2657
[128]	[0.0152]	-0.5979	0.3571	0.2658
[129]	[0.0382]	-0.3295	0.3571	0.3206
[130]	[0.0085]	-2.4855	0.2857	0.2693
[131]	[0.0020]	-1.0838	0.4286	0.4204
[132]	[0.0026]	-0.6448	0.3571	0.3993
[133]	[-0.0012]	0.0381	0.3571	0.4404
[134]	[0.0034]	-0.1106	0.5000	0.5012
[135]	[-0.0132]	0.4363	0.3571	0.4368
[136]	[-0.0015]	0.4896	0.3571	0.2740
[137]	[0.0049]	-0.9490	0.2857	0.3596
[138]	[-0.0042]	0.2050	0.4286	0.4779
[139]	[0.0009]	-0.1098	0.5714	0.5334
[140]	[0.0069]	-0.2873	0.2857	0.2610
[141]	[0.0159]	-0.0990	0.3571	0.4372
[142]	[0.0270]	-0.9777	0.4286	0.4335
[143]	[0.0027]	-0.6033	0.4286	0.4546
[144]	[0.0041]	-0.9953	0.3571	0.3496
[145]	[0.0116]	-1.1236	0.3571	0.3723
[146]	[0.0458]	-0.9652	0.3571	0.3282
[147]	[0.0334]	-3.8037	0.0714	0.1082
[148]	[0.0018]	-0.0455	0.5714	0.5135
[149]	[0.0001]	-0.0045	0.6429	0.5238
[150]	[-0.0017]	0.2404	0.5000	0.4776
[151]	[-0.0037]	0.2907	0.5714	0.4839
[152]	[-0.0315]	1.5584	0.2857	0.2744
[153]	[0.0606]	-0.5226	0.3571	0.3806
[154]	[0.0065]	-0.7907	0.5000	0.4756
[155]	[-0.0067]	0.2043	0.5000	0.5149
[156]	[0.0248]	-2.1600	0.1429	0.1970
[157]	[0.0117]	-0.8123	0.4286	0.3661
[158]	[0.0217]	-0.9414	0.2857	0.3749
[159]	[0.0092]	-1.3320	0.3571	0.3026
[160]	[-0.0017]	0.4953	0.5714	0.4748
[161]	[0.0197]	-0.6328	0.2857	0.3409
[162]	[0.0186]	-1.3332	0.2857	0.3177
[163]	[0.0144]	-0.9116	0.4286	0.3852
[164]	[-0.0225]	1.3290	0.3571	0.3596
[165]	[0.0007]	-0.5897	0.3571	0.3861
[166]	[-0.0096]	0.8396	0.3571	0.4011
[167]	[0.0161]	-2.3909	0.3571	0.3177
[168]	[-0.0097]	0.2605	0.5000	0.4744
[169]	[-0.0130]	0.3061	0.5000	0.4768
[170]	[0.0007]	-0.2630	0.4286	0.4208
[171]	[0.0033]	-1.0198	0.3571	0.3700
[172]	[0.0171]	-1.8623	0.2857	0.3863
[173]	[0.0201]	-0.7976	0.4286	0.3953
[174]	[0.0165]	-1.4438	0.2857	0.2719
[175]	[-0.0697]	1.0821	0.2143	0.2739
[176]	[0.0365]	-0.2977	0.4286	0.4364
[177]	[-0.0230]	1.3574	0.2857	0.3163
[178]	[0.0130]	-0.8731	0.5000	0.4401
[179]	[0.0010]	-0.0794	0.4286	0.4670
[180]	[0.0309]	-1.2423	0.3571	0.3291
[181]	[-0.0447]	1.4049	0.2857	0.3691
[182]	[0.0069]	-2.7813	0.3571	0.2966
[183]	[0.0072]	-1.1779	0.3571	0.4160
[184]	[-0.0039]	0.0954	0.5000	0.5071
[185]	[-0.0094]	0.4092	0.5000	0.4742
[186]	[-0.0079]	0.9102	0.4286	0.3944
[187]	[0.0001]	-0.0775	0.3571	0.4612
[188]	[-0.0101]	0.4407	0.3571	0.3775
[189]	[0.0002]	-0.0144	0.4286	0.4689
[190]	[0.0817]	-0.4886	0.2857	0.2408
[191]	[0.0177]	-0.9880	0.3571	0.3563
[192]	[0.1810]	-0.7803	0.2857	0.2612
[193]	[-0.0174]	0.5165	0.5000	0.3951
[194]	[-0.0035]	0.1232	0.4286	0.4595
[195]	[-0.0018]	0.0888	0.4286	0.4888
[196]	[-0.0033]	0.1195	0.5000	0.4812
[197]	[0.0448]	-1.4293	0.2143	0.1933
[198]	[0.0067]	-0.6165	0.4286	0.4749
[199]	[-0.0076]	0.4553	0.3571	0.4070
[200]	[0.0375]	-0.2109	0.4286	0.3687
[201]	[0.0107]	-2.5846	0.2143	0.2739
[202]	[0.0046]	-0.3226	0.4286	0.3926
[203]	[0.0049]	-0.2611	0.4286	0.4832
[204]	[0.0128]	-1.6145	0.1429	0.2317
[205]	[0.1315]	-0.3206	0.3571	0.2770
[206]	[-0.0037]	0.3589	0.3571	0.2476
[207]	[0.0193]	-0.9789	0.4286	0.3443
[208]	[0.0059]	-0.1318	0.4286	0.4551
[209]	[0.0066]	-1.9816	0.2857	0.3165
[210]	[0.0543]	-3.4379	0.2857	0.2660
[211]	[-0.0015]	0.0464	0.4286	0.4868
[212]	[-0.0003]	0.0938	0.3571	0.4809
[213]	[0.0079]	-1.2204	0.2143	0.1864
[214]	[0.0943]	-1.1108	0.2143	0.2613
[215]	[-0.0238]	1.0160	0.2857	0.3306
[216]	[-0.0022]	0.1411	0.6429	0.5445
[217]	[0.0505]	-1.6427	0.2143	0.2675
[218]	[-0.0041]	0.3521	0.4286	0.4343
[219]	[0.0249]	-1.7033	0.3571	0.3599
[220]	[0.0164]	-0.9615	0.4286	0.4131
[221]	[-0.0236]	1.3153	0.3571	0.3622
[222]	[0.0005]	-0.0950	0.6429	0.5087
[223]	[0.0207]	-1.1770	0.2857	0.2575
[224]	[-0.0039]	0.2021	0.5714	0.4946
[225]	[-0.0319]	0.3920	0.2857	0.3484
[226]	[0.0923]	-2.0954	0.1429	0.1369
[227]	[0.0339]	-1.3556	0.2857	0.3163
[228]	[0.0141]	-0.8577	0.2143	0.3423
[229]	[-0.0038]	0.3119	0.5000	0.4480
[230]	[-0.0488]	1.6517	0.2143	0.2630
[231]	[-0.0049]	0.1822	0.5714	0.5342
[232]	[0.0176]	-0.5004	0.2143	0.2835
[233]	[-0.0017]	0.3605	0.5000	0.4715
[234]	[-0.0226]	1.2393	0.3571	0.3993
[235]	[0.0083]	-0.6582	0.3571	0.3995
[236]	[-0.0069]	0.4610	0.5000	0.5066
[237]	[0.0012]	-0.0673	0.4286	0.4793
[238]	[0.0114]	-0.7131	0.4286	0.3981
[239]	[0.0516]	-1.3830	0.2143	0.2467
[240]	[-0.0293]	1.7348	0.1429	0.2843
[241]	[0.0553]	-4.0072	0.0714	0.1139
[242]	[0.0038]	-0.1733	0.4286	0.4736
[243]	[-0.0241]	0.7663	0.3571	0.3857
[244]	[-0.0037]	0.1045	0.5714	0.6152
[245]	[0.0198]	-0.8068	0.2143	0.2386
[246]	[0.0156]	-0.3927	0.5000	0.4159
[247]	[0.0034]	-0.1205	0.3571	0.4274
[248]	[-0.0151]	0.5031	0.3571	0.3231
[249]	[-0.0001]	0.4596	0.5000	0.3891
[250]	[0.0132]	-0.7367	0.4286	0.4277
[251]	[-0.0079]	1.2693	0.2857	0.3084
[252]	[-0.0103]	0.3511	0.4286	0.4369
[253]	[0.0262]	-0.8634	0.4286	0.4109
[254]	[0.0017]	-0.0870	0.6429	0.5213
[255]	[0.0676]	-0.6559	0.2857	0.3117
[256]	[0.0152]	-0.5208	0.5000	0.4336
[257]	[0.0091]	-0.3041	0.4286	0.4299
[258]	[0.0045]	-0.1197	0.5000	0.4506
[259]	[-0.0103]	0.4048	0.4286	0.4198
[260]	[0.0005]	-2.8987	0.0714	0.1913
[261]	[-0.0008]	0.0750	0.2857	0.4553
[262]	[-0.0099]	0.5742	0.4286	0.4352
[263]	[-0.0229]	0.6226	0.2857	0.3186
[264]	[-0.0062]	2.2973	0.2143	0.3393
[265]	[0.0081]	-0.7040	0.4286	0.4277
[266]	[0.1249]	-1.1530	0.1429	0.1829
[267]	[-0.0044]	0.5209	0.3571	0.4393
[268]	[0.0036]	-0.6356	0.4286	0.4463
[269]	[0.0916]	-1.0336	0.2857	0.3111
[270]	[0.0083]	-0.4335	0.4286	0.4441
[271]	[0.0013]	-0.1073	0.5000	0.4779
[272]	[0.0136]	-1.3212	0.3571	0.3086
[273]	[0.0021]	-0.0402	0.5714	0.5721
[274]	[0.0028]	-0.1373	0.4286	0.4285
[275]	[-0.0048]	0.3212	0.5000	0.4703
[276]	[0.0584]	-0.5682	0.2143	0.2082
[277]	[0.0025]	-0.4664	0.3571	0.3255
[278]	[-0.0094]	0.4828	0.4286	0.4332
[279]	[0.0372]	-1.3364	0.4286	0.4033
[280]	[-0.0164]	0.4114	0.4286	0.4297
[281]	[0.0056]	-0.2947	0.6429	0.5622
[282]	[0.0004]	-0.0970	0.3571	0.4654
[283]	[0.0222]	-0.5085	0.2143	0.2222
[284]	[-0.0023]	0.0894	0.3571	0.4427
[285]	[-0.0073]	0.1859	0.4286	0.4800
[286]	[-0.0845]	2.1333	0.0714	0.1714
[287]	[0.0084]	-0.5173	0.3571	0.3892
[288]	[0.0272]	-0.5909	0.2143	0.2093
[289]	[0.0384]	-1.1751	0.4286	0.3681
[290]	[-0.0419]	0.7843	0.3571	0.3492
[291]	[0.0083]	-0.2050	0.2857	0.3520
[292]	[-0.0200]	0.6556	0.4286	0.3961
[293]	[0.0310]	-0.4466	0.3571	0.3733
[294]	[-0.0088]	0.1781	0.5714	0.4907
[295]	[-0.0042]	0.0802	0.5714	0.5187
[296]	[0.0133]	-2.3613	0.1429	0.1497
[297]	[-0.0028]	0.5213	0.3571	0.3109
[298]	[-0.0089]	0.2198	0.3571	0.4357
[299]	[0.0357]	-1.6739	0.2143	0.2575
[300]	[-0.0069]	0.3343	0.5000	0.3381
[301]	[-0.0063]	0.3267	0.4286	0.4553
[302]	[-0.0002]	0.0088	0.5714	0.5155
[303]	[-0.0472]	1.4892	0.2857	0.2713
[304]	[0.0157]	-0.4226	0.2857	0.3093
[305]	[0.0054]	-0.3382	0.3571	0.3932
[306]	[0.0255]	-1.7812	0.2143	0.2948
[307]	[0.0180]	-3.4690	0.0714	0.1043
[308]	[0.0600]	-0.5222	0.3571	0.3819
[309]	[0.0019]	-1.3521	0.2857	0.3136
[310]	[0.0224]	-1.4882	0.4286	0.4009
[311]	[0.0199]	-0.7260	0.5000	0.4558
[312]	[-0.0040]	0.1243	0.5000	0.5173
[313]	[0.0021]	-0.2018	0.5000	0.4799
[314]	[0.0205]	-0.4756	0.3571	0.4174
[315]	[0.0024]	-0.1132	0.4286	0.4993
[316]	[-0.0511]	1.0535	0.3571	0.3376
[317]	[0.0032]	-0.6460	0.3571	0.3944
[318]	[0.0015]	-0.4737	0.4286	0.4699
[319]	[0.0019]	-0.0254	0.3571	0.4205
[320]	[0.0013]	-1.2143	0.3571	0.3069
[321]	[-0.0084]	3.9290	0.2857	0.2581
[322]	[-0.0054]	0.4210	0.4286	0.4325
[323]	[-0.0017]	0.0500	0.5000	0.4919
[324]	[0.0158]	-1.1800	0.2857	0.2847
[325]	[-0.0035]	0.0766	0.5714	0.5510
[326]	[-0.0088]	0.3474	0.5000	0.4349
[327]	[-0.0269]	2.0556	0.2143	0.3635
[328]	[0.0051]	-1.3607	0.2143	0.2945
[329]	[0.0167]	-1.0028	0.2143	0.1836
[330]	[-0.0055]	0.3135	0.4286	0.4365
[331]	[0.0186]	-0.2906	0.5000	0.4730
[332]	[0.0149]	-1.6495	0.3571	0.3060
[333]	[0.0024]	-0.2147	0.5714	0.5256
[334]	[-0.0065]	0.1387	0.5000	0.4836
[335]	[-0.0020]	0.2282	0.4286	0.2629
[336]	[0.0061]	-0.2256	0.5000	0.4834
[337]	[-0.0027]	0.6667	0.3571	0.4000
[338]	[0.0045]	-0.2483	0.5000	0.4559
[339]	[-0.0217]	0.3772	0.4286	0.3724
[340]	[0.0013]	-0.1044	0.5000	0.5092
[341]	[-0.0553]	2.2756	0.2143	0.2036
[342]	[-0.0214]	0.7139	0.3571	0.3964
[343]	[0.0363]	-0.9742	0.2857	0.3250
[344]	[-0.0303]	0.6086	0.4286	0.3979
[345]	[0.0114]	-0.4053	0.5000	0.4280
[346]	[-0.0610]	0.6264	0.2857	0.3123
[347]	[-0.0038]	0.4375	0.4286	0.4001
[348]	[-0.0157]	0.5383	0.5000	0.4388
[349]	[0.0240]	-1.8695	0.2857	0.2919
[350]	[0.0101]	-0.4274	0.5000	0.4189
[351]	[-0.0037]	0.1415	0.5000	0.4918
[352]	[-0.0079]	0.4369	0.4286	0.3319
[353]	[0.0561]	-0.8680	0.2143	0.2842
[354]	[0.0511]	-1.1388	0.2143	0.1934
[355]	[-0.0413]	1.1285	0.2143	0.1967
[356]	[-0.0022]	0.5110	0.4286	0.4641
[357]	[-0.0121]	0.3549	0.5000	0.4389
[358]	[0.0210]	-1.4499	0.2857	0.3200
[359]	[-0.0049]	0.0837	0.5000	0.4805
[360]	[-0.0027]	0.1838	0.3571	0.3971
[361]	[0.0060]	-0.0668	0.4286	0.4271
[362]	[0.0012]	-0.1153	0.5000	0.4116
[363]	[-0.0035]	0.1283	0.5714	0.5326
[364]	[-0.0043]	0.3734	0.3571	0.4574
[365]	[-0.0256]	0.7737	0.2143	0.3057
[366]	[0.0108]	-1.4245	0.2857	0.2498
[367]	[0.0125]	-1.7232	0.1429	0.2547
[368]	[-0.0067]	0.2093	0.3571	0.4386
[369]	[0.0010]	-1.6861	0.1429	0.1530
[370]	[0.0020]	-0.0356	0.5714	0.5465
[371]	[0.0276]	-0.8441	0.2857	0.2162
[372]	[0.0033]	-4.3700	0.1429	0.1293
[373]	[-0.0004]	0.0524	0.3571	0.4320
[374]	[0.0221]	-0.8942	0.2857	0.2686
[375]	[0.0036]	-0.2113	0.6429	0.5595
[376]	[0.0013]	-1.0632	0.3571	0.3516
[377]	[0.0383]	-1.1431	0.2143	0.2093
[378]	[0.0420]	-0.3364	0.3571	0.3303
[379]	[0.0011]	-0.5942	0.4286	0.4271
[380]	[-0.0004]	0.0421	0.4286	0.4142
[381]	[-0.0014]	0.1963	0.5000	0.4705
[382]	[0.0073]	-0.6946	0.4286	0.4444
[383]	[0.0031]	-0.0957	0.4286	0.4025
[384]	[0.0676]	-1.3507	0.2857	0.2712
[385]	[0.0315]	-2.6256	0.2857	0.2445
[386]	[0.0007]	-0.0665	0.5000	0.4707
[387]	[0.0309]	-0.9091	0.2857	0.3043
[388]	[0.0079]	-0.2787	0.5000	0.4685
[389]	[0.0062]	-0.1878	0.5000	0.4915
[390]	[-0.0033]	0.1038	0.5000	0.4494
[391]	[0.0201]	-1.0620	0.2143	0.2864
[392]	[0.0430]	-1.0112	0.2857	0.3245
[393]	[-0.0263]	1.2172	0.2857	0.3184
[394]	[-0.0114]	0.3328	0.4286	0.4451
[395]	[-0.0047]	0.3412	0.3571	0.4133
[396]	[0.0148]	-0.1405	0.4286	0.4472
[397]	[0.0014]	-0.1305	0.5714	0.4797
[398]	[0.0043]	-2.2147	0.2143	0.1859
[399]	[0.0133]	-0.1082	0.5000	0.4995
[400]	[-0.0013]	0.1913	0.5714	0.5302
[401]	[-0.0050]	0.3034	0.5000	0.3959
[402]	[0.0122]	-0.9763	0.4286	0.3955
[403]	[0.0151]	-0.6526	0.3571	0.4153
[404]	[-0.0047]	0.0595	0.4286	0.4691
[405]	[-0.0325]	1.3150	0.2143	0.1980
[406]	[0.0033]	-0.4980	0.4286	0.4500
[407]	[0.0192]	-1.2455	0.4286	0.3697
[408]	[0.0080]	-0.2929	0.4286	0.4419
[409]	[0.0451]	-1.6634	0.2857	0.2914
[410]	[-0.0120]	0.5243	0.3571	0.3994
[411]	[0.0197]	-0.6467	0.4286	0.3660
[412]	[0.0179]	-1.3763	0.2143	0.1728
[413]	[0.0029]	-1.2682	0.1429	0.1943
[414]	[0.0575]	-1.0230	0.2143	0.2653
[415]	[0.0095]	-0.7116	0.2857	0.2584
[416]	[0.0588]	-0.7339	0.3571	0.3674
[417]	[-0.0906]	2.2980	0.1429	0.1826
[418]	[0.0139]	-0.6357	0.3571	0.4005
[419]	[0.0229]	-0.7819	0.3571	0.3254
[420]	[-0.0169]	0.0891	0.5000	0.4562
[421]	[-0.0074]	0.3336	0.5714	0.5189
[422]	[0.0095]	-0.1657	0.3571	0.4142
[423]	[-0.0018]	0.2358	0.4286	0.4432
[424]	[0.0603]	-0.6982	0.3571	0.4148
[425]	[0.0193]	-1.0143	0.3571	0.3827
[426]	[0.0118]	-0.3145	0.5714	0.5263
[427]	[0.0046]	-0.5150	0.4286	0.4275
[428]	[-0.0159]	0.5198	0.3571	0.4023
[429]	[-0.0281]	0.3109	0.3571	0.3238
[430]	[0.0080]	-2.4167	0.1429	0.1857
[431]	[-0.0112]	1.0931	0.4286	0.4247
[432]	[0.0068]	-0.4467	0.4286	0.4052
[433]	[0.0148]	-0.3012	0.5714	0.4961
[434]	[-0.0273]	0.5113	0.5000	0.4652
[435]	[0.0060]	-0.1873	0.6429	0.5287
[436]	[0.0051]	-1.1860	0.3571	0.3701
[437]	[0.0057]	-0.5398	0.5714	0.4918
[438]	[0.0371]	-0.3328	0.3571	0.3880
[439]	[0.0053]	-0.2303	0.4286	0.4604
[440]	[0.0003]	-1.9305	0.3571	0.3670
[441]	[0.0097]	-0.6225	0.3571	0.3700
[442]	[-0.0033]	0.1689	0.4286	0.2670
[443]	[-0.0450]	2.4089	0.2857	0.3175
[444]	[0.0026]	-0.8413	0.3571	0.4127
[445]	[0.0137]	-2.2328	0.0714	0.1571
[446]	[-0.0055]	0.5457	0.2857	0.3445
[447]	[-0.0014]	0.0798	0.4286	0.5060
[448]	[0.0426]	-0.8693	0.2143	0.2233
[449]	[0.0139]	-3.1588	0.3571	0.3667
[450]	[-0.0048]	0.3895	0.5000	0.4518
[451]	[0.0033]	-0.4110	0.4286	0.4077
[452]	[0.0335]	-0.6476	0.4286	0.3650
[453]	[0.0013]	-0.2236	0.5000	0.4894
[454]	[-0.0141]	0.2162	0.4286	0.4425
[455]	[-0.0127]	0.9360	0.3571	0.3451
[456]	[0.0045]	-0.0943	0.6429	0.5561
[457]	[0.0119]	-0.3318	0.5714	0.4599
[458]	[-0.0017]	0.1447	0.5714	0.4892
[459]	[-0.0047]	0.3028	0.4286	0.4351
[460]	[0.0105]	-0.4212	0.4286	0.3425
[461]	[0.0155]	-0.3921	0.5000	0.4107
[462]	[-0.0183]	0.6992	0.4286	0.4074
[463]	[-0.0112]	0.5593	0.4286	0.4293
[464]	[0.0016]	-0.2259	0.4286	0.4603
