gene index	a_n	m	resub	bresub
[1,33,241]	[-0.0312  0.9047  0.4892]	-55.4560	0.0000	0.0243
[1,241,296]	[-0.0067  0.2404  0.0827]	-31.9074	0.0000	0.0312
[3,33,241]	[-0.0428  0.9405  0.4936]	-56.0319	0.0000	0.0461
[3,241,296]	[-0.0212  0.2415  0.0856]	-31.9396	0.0000	0.0440
[4,33,241]	[-0.0716  1.0140  0.5573]	-57.8194	0.0000	0.0414
[4,241,296]	[-0.0424  0.2714  0.0917]	-32.3648	0.0000	0.0477
[6,33,241]	[-0.0250  0.9084  0.4852]	-55.3482	0.0000	0.0266
[6,241,296]	[-0.0036  0.2406  0.0832]	-32.0992	0.0000	0.0348
[8,33,241]	[-0.0960  0.9643  0.5267]	-56.7675	0.0000	0.0166
[8,241,296]	[-0.0340  0.2484  0.0846]	-31.7034	0.0000	0.0429
[10,33,241]	[0.0106  0.9019  0.4837]	-56.2183	0.0000	0.0247
[10,241,286]	[-0.0126  0.0691  -0.1241]	-1.5698	0.0000	0.0498
[10,241,296]	[-0.0398  0.2470  0.0846]	-31.9763	0.0000	0.0322
[13,16,77]	[0.9394  0.3589  0.4704]	-42.3504	0.0000	0.0347
[13,33,241]	[0.3236  1.1712  0.5859]	-76.6471	0.0000	0.0258
[13,77,92]	[0.6728  0.2878  0.2480]	-28.8996	0.0000	0.0480
[13,77,192]	[0.5342  0.2760  0.2957]	-23.2412	0.0000	0.0296
[13,77,205]	[0.5748  0.3864  -0.4973]	-25.7782	0.0000	0.0357
[13,77,289]	[0.4879  0.3078  0.0889]	-24.8734	0.0000	0.0444
[13,77,308]	[0.5008  0.3099  -0.1057]	-21.5921	0.0000	0.0481
[13,77,361]	[0.5639  0.3849  -0.3243]	-23.1074	0.0000	0.0422
[13,77,378]	[0.5710  0.3851  -0.1541]	-25.6269	0.0000	0.0252
[13,226,343]	[0.2426  0.2389  0.2333]	-16.9633	0.0000	0.0424
[13,241,286]	[0.0255  0.0660  -0.1241]	-2.2022	0.0000	0.0490
[13,241,296]	[0.2579  0.2853  0.1127]	-46.3043	0.0000	0.0412
[14,241,296]	[-0.0132  0.2411  0.0856]	-32.4065	0.0000	0.0360
[15,33,241]	[-0.2189  0.9907  0.5365]	-59.6308	0.0000	0.0243
[15,241,286]	[-0.0109  0.0685  -0.1229]	-1.7472	0.0000	0.0459
[15,241,296]	[-0.0061  0.2410  0.0831]	-32.1684	0.0000	0.0307
[16,33,241]	[0.1620  0.9662  0.5180]	-61.8743	0.0000	0.0118
[16,167,241]	[-0.0275  0.0399  0.0810]	-11.4645	0.0000	0.0455
[16,241,286]	[-0.0144  0.0678  -0.1238]	-1.6157	0.0000	0.0367
[16,241,296]	[0.0492  0.2442  0.0843]	-33.2617	0.0000	0.0309
[17,33,241]	[0.0617  0.9376  0.4968]	-60.3549	0.0000	0.0254
[17,241,296]	[0.0907  0.2621  0.0959]	-39.8811	0.0000	0.0381
[19,33,241]	[-0.0004  0.9011  0.4843]	-55.9692	0.0000	0.0469
[19,241,296]	[0.0471  0.2412  0.0897]	-35.0714	0.0000	0.0419
[21,33,241]	[-0.0139  0.9039  0.4848]	-55.7409	0.0000	0.0221
[21,167,241]	[-0.0173  0.0408  0.0812]	-11.5250	0.0000	0.0471
[21,241,296]	[-0.0159  0.2412  0.0838]	-31.9664	0.0000	0.0311
[22,33,241]	[-0.1661  1.0905  0.5691]	-61.6891	0.0000	0.0348
[22,241,296]	[-0.0863  0.2605  0.0932]	-32.9230	0.0000	0.0315
[23,33,241]	[-0.7227  1.2030  0.7493]	-77.4603	0.0000	0.0152
[23,241,286]	[-0.1262  0.0886  -0.1175]	-2.6289	0.0000	0.0441
[24,33,241]	[-0.0938  0.9701  0.5651]	-58.5281	0.0000	0.0313
[24,241,296]	[-0.1056  0.3286  0.0983]	-35.7500	0.0000	0.0470
[25,241,296]	[-0.0129  0.2484  0.0840]	-30.4611	0.0000	0.0461
[29,33,241]	[-0.3012  1.3713  0.6969]	-72.4766	0.0000	0.0381
[29,241,286]	[0.1167  0.0768  -0.1675]	-5.1438	0.0000	0.0492
[29,241,296]	[-0.0939  0.2716  0.0985]	-34.1232	0.0000	0.0439
[30,33,241]	[0.0964  0.9433  0.4985]	-59.9758	0.0000	0.0122
[30,241,286]	[-0.0005  0.0680  -0.1228]	-1.8172	0.0000	0.0416
[30,241,296]	[0.0816  0.2482  0.0887]	-35.4183	0.0000	0.0316
[30,241,327]	[-0.0109  0.0657  -0.0539]	-0.4087	0.0000	0.0492
[30,241,393]	[0.0043  0.0687  -0.0573]	-2.4192	0.0000	0.0383
[31,33,241]	[0.1551  1.2032  0.6313]	-86.2297	0.0000	0.0494
[31,127,241]	[-0.0248  0.0506  0.0574]	-5.8098	0.0000	0.0490
[31,241,296]	[0.1325  0.3275  0.1208]	-55.9451	0.0000	0.0471
[33,34,241]	[0.8978  0.0205  0.4849]	-56.5281	0.0000	0.0130
[33,35,241]	[1.0480  0.1214  0.6290]	-82.5585	0.0000	0.0296
[33,36,241]	[2.0207  0.4410  0.9979]	-135.2223	0.0000	0.0391
[33,40,241]	[1.0187  -0.1368  0.5157]	-58.0673	0.0000	0.0311
[33,42,241]	[0.9229  0.0378  0.4784]	-57.7280	0.0000	0.0405
[33,43,241]	[1.0507  0.2488  0.5678]	-69.8684	0.0000	0.0224
[33,45,241]	[0.9965  -0.1167  0.5351]	-57.9255	0.0000	0.0139
[33,46,241]	[1.0824  -0.1032  0.5655]	-60.1658	0.0000	0.0425
[33,51,241]	[0.8994  -0.0174  0.4855]	-55.6343	0.0000	0.0179
[33,52,241]	[0.9479  0.1111  0.5168]	-62.1837	0.0000	0.0468
[33,56,241]	[0.9019  0.0020  0.4842]	-56.0666	0.0000	0.0218
[33,57,241]	[0.9149  -0.0970  0.4952]	-55.7970	0.0000	0.0153
[33,58,241]	[0.9085  0.0275  0.4866]	-57.0956	0.0000	0.0130
[33,62,241]	[0.9525  -0.0817  0.5217]	-57.3516	0.0000	0.0250
[33,64,241]	[0.9012  0.0023  0.4841]	-56.0616	0.0000	0.0355
[33,65,241]	[0.9309  -0.2935  0.5244]	-57.4057	0.0000	0.0081
[33,66,241]	[0.9273  0.0367  0.5025]	-59.6209	0.0000	0.0371
[33,67,241]	[1.0599  -0.0633  0.5691]	-62.4043	0.0000	0.0362
[33,68,241]	[0.9601  0.1427  0.5557]	-65.8070	0.0000	0.0352
[33,69,241]	[0.9773  -0.0814  0.5298]	-57.6104	0.0000	0.0402
[33,70,241]	[0.9234  -0.0432  0.4925]	-56.1848	0.0000	0.0188
[33,72,241]	[0.9860  0.0663  0.5145]	-65.9513	0.0000	0.0499
[33,73,241]	[1.0097  0.1111  0.5224]	-65.5647	0.0000	0.0373
[33,74,241]	[0.8988  0.0515  0.4864]	-56.8314	0.0000	0.0103
[33,75,241]	[1.0068  -0.0873  0.5405]	-57.4093	0.0000	0.0474
[33,76,241]	[0.9084  -0.0544  0.4922]	-54.5513	0.0000	0.0198
[33,78,241]	[0.9262  0.0480  0.4886]	-58.9232	0.0000	0.0216
[33,79,241]	[0.9124  -0.0540  0.4905]	-55.7596	0.0000	0.0200
[33,80,241]	[0.9086  -0.0485  0.4923]	-55.2054	0.0000	0.0294
[33,81,241]	[0.9686  -0.0767  0.5169]	-56.1015	0.0000	0.0270
[33,82,241]	[1.2181  -0.1934  0.6093]	-63.6973	0.0000	0.0461
[33,86,241]	[1.0975  0.1266  0.5775]	-72.9930	0.0000	0.0250
[33,89,241]	[0.9140  -0.0734  0.5103]	-56.7440	0.0000	0.0263
[33,90,241]	[0.9449  -0.1166  0.5211]	-57.2744	0.0000	0.0278
[33,92,241]	[1.1294  -0.2918  0.6308]	-67.8018	0.0000	0.0362
[33,93,241]	[0.9050  0.0290  0.4877]	-56.7742	0.0000	0.0134
[33,94,241]	[0.9165  -0.0522  0.4886]	-53.8813	0.0000	0.0411
[33,96,241]	[0.8959  0.0251  0.4852]	-56.4809	0.0000	0.0235
[33,101,241]	[0.9789  -0.1304  0.5532]	-58.5264	0.0000	0.0122
[33,103,241]	[0.9360  0.0300  0.4906]	-59.1040	0.0000	0.0271
[33,104,241]	[0.9263  0.0396  0.4947]	-58.2776	0.0000	0.0218
[33,107,241]	[1.1133  0.3853  0.5859]	-83.1422	0.0000	0.0200
[33,108,241]	[0.9030  0.0093  0.4854]	-56.7180	0.0000	0.0248
[33,110,241]	[0.9114  -0.0337  0.4905]	-55.8415	0.0000	0.0215
[33,111,241]	[0.8886  0.0781  0.4991]	-61.0917	0.0000	0.0123
[33,113,241]	[0.9049  0.0370  0.4884]	-57.0030	0.0000	0.0230
[33,114,241]	[0.8953  -0.0409  0.4924]	-53.4543	0.0000	0.0194
[33,116,241]	[0.9061  0.0359  0.4935]	-57.7883	0.0000	0.0442
[33,120,241]	[0.9070  -0.0075  0.4878]	-55.7214	0.0000	0.0482
[33,122,241]	[0.9033  -0.0356  0.4944]	-55.4446	0.0000	0.0262
[33,126,241]	[1.0156  -0.0839  0.5003]	-56.2568	0.0000	0.0242
[33,127,241]	[0.9019  0.0480  0.4871]	-59.6791	0.0000	0.0469
[33,129,241]	[0.9439  -0.0822  0.4938]	-56.9541	0.0000	0.0283
[33,134,241]	[0.9170  0.0437  0.4895]	-58.1443	0.0000	0.0266
[33,135,241]	[0.9087  -0.0386  0.4855]	-54.9741	0.0000	0.0241
[33,138,241]	[0.9012  0.0002  0.4842]	-55.9910	0.0000	0.0171
[33,141,241]	[0.9245  -0.1883  0.5138]	-57.4877	0.0000	0.0066
[33,142,241]	[1.0075  0.1632  0.5660]	-70.2736	0.0000	0.0294
[33,146,241]	[1.0984  -0.2507  0.5964]	-63.4007	0.0000	0.0176
[33,148,241]	[0.9597  -0.0762  0.5041]	-56.8919	0.0000	0.0420
[33,152,241]	[0.9884  -0.1029  0.5270]	-56.0068	0.0000	0.0192
[33,153,241]	[0.9542  -0.1752  0.5076]	-57.3911	0.0000	0.0165
[33,155,241]	[1.2228  -0.2774  0.6337]	-65.8074	0.0000	0.0262
[33,158,241]	[0.9778  -0.0884  0.5245]	-56.8392	0.0000	0.0291
[33,161,241]	[0.9311  -0.0362  0.4902]	-55.9438	0.0000	0.0434
[33,164,241]	[0.9544  -0.0728  0.5096]	-54.7546	0.0000	0.0315
[33,166,241]	[1.2360  0.0936  0.6091]	-80.9998	0.0000	0.0432
[33,168,241]	[1.0614  -0.1543  0.5704]	-61.7833	0.0000	0.0155
[33,169,241]	[0.9027  -0.0132  0.4837]	-55.6743	0.0000	0.0347
[33,175,241]	[0.9583  -0.3203  0.5525]	-57.2858	0.0000	0.0125
[33,176,241]	[1.1727  0.6006  0.6192]	-76.9618	0.0000	0.0106
[33,180,241]	[0.9025  0.0305  0.4837]	-57.2065	0.0000	0.0283
[33,181,241]	[1.0537  -0.2883  0.5943]	-58.4250	0.0000	0.0241
[33,184,241]	[1.0185  -0.1385  0.5394]	-59.3363	0.0000	0.0200
[33,185,241]	[0.9995  0.1309  0.5446]	-68.3187	0.0000	0.0219
[33,188,241]	[0.9256  0.0213  0.4904]	-57.9296	0.0000	0.0455
[33,189,241]	[1.0268  0.1131  0.5491]	-71.2373	0.0000	0.0262
[33,190,241]	[0.9019  -0.0044  0.4844]	-55.9866	0.0000	0.0262
[33,191,241]	[0.9373  -0.0423  0.5035]	-55.8615	0.0000	0.0435
[33,192,241]	[0.8950  0.0746  0.4828]	-56.0608	0.0000	0.0108
[33,193,241]	[1.0879  0.1499  0.5789]	-71.6224	0.0000	0.0219
[33,194,241]	[0.9215  -0.0291  0.4840]	-55.4197	0.0000	0.0350
[33,195,241]	[1.0999  -0.1817  0.6338]	-62.3161	0.0000	0.0447
[33,196,241]	[1.1195  -0.1569  0.5883]	-62.9191	0.0000	0.0344
[33,200,241]	[1.1091  -0.6771  0.7106]	-73.4047	0.0000	0.0114
[33,205,241]	[1.0513  -0.5820  0.5392]	-62.0295	0.0000	0.0190
[33,208,241]	[0.9828  0.1804  0.5671]	-67.8898	0.0000	0.0171
[33,210,241]	[1.0666  -0.1771  0.6152]	-58.1016	0.0000	0.0299
[33,211,241]	[1.3314  -0.3436  0.7456]	-74.3786	0.0000	0.0265
[33,214,241]	[0.8979  0.0692  0.4827]	-56.6106	0.0000	0.0137
[33,215,241]	[0.9105  -0.0393  0.4870]	-54.7272	0.0000	0.0272
[33,217,241]	[1.1448  -0.1625  0.5862]	-63.7341	0.0000	0.0466
[33,219,241]	[1.0477  0.1648  0.4893]	-71.0157	0.0000	0.0293
[33,220,241]	[0.9225  0.0601  0.4934]	-60.6573	0.0000	0.0277
[33,221,241]	[0.9155  -0.0526  0.4923]	-53.9754	0.0000	0.0197
[33,224,241]	[0.9054  0.0090  0.4853]	-56.6275	0.0000	0.0493
[33,225,241]	[0.9007  -0.0655  0.4904]	-55.6117	0.0000	0.0124
[33,226,241]	[1.0155  -0.1563  0.5595]	-60.5385	0.0000	0.0294
[33,227,241]	[0.9241  -0.0606  0.5137]	-56.2301	0.0000	0.0231
[33,228,241]	[1.6693  -0.3097  0.7649]	-75.2280	0.0000	0.0468
[33,230,241]	[1.0881  -0.2812  0.6182]	-60.5182	0.0000	0.0258
[33,231,241]	[1.0241  -0.0958  0.5438]	-59.5622	0.0000	0.0463
[33,232,241]	[0.9036  -0.0096  0.4851]	-55.8325	0.0000	0.0150
[33,234,241]	[0.9391  0.0763  0.5144]	-63.2250	0.0000	0.0426
[33,236,241]	[0.9021  -0.0250  0.4882]	-54.6171	0.0000	0.0427
[33,237,241]	[0.8973  -0.0225  0.4900]	-55.0686	0.0000	0.0248
[33,238,241]	[0.9568  -0.0569  0.5101]	-55.5819	0.0000	0.0445
[33,239,241]	[0.9005  0.0017  0.4840]	-55.9933	0.0000	0.0467
[33,240,241]	[0.9252  0.0412  0.4904]	-59.4348	0.0000	0.0104
[33,241,242]	[1.0442  0.5891  -0.1163]	-61.5504	0.0000	0.0257
[33,241,243]	[0.8992  0.4845  -0.0228]	-55.2344	0.0000	0.0215
[33,241,244]	[1.0346  0.5753  -0.2350]	-59.0690	0.0000	0.0178
[33,241,245]	[0.9100  0.4890  -0.0107]	-56.0948	0.0000	0.0383
[33,241,246]	[0.9726  0.5481  0.1411]	-65.8152	0.0000	0.0202
[33,241,248]	[1.3812  0.7403  -0.1717]	-79.9504	0.0000	0.0141
[33,241,252]	[1.0174  0.5285  -0.0998]	-58.4802	0.0000	0.0316
[33,241,253]	[0.9134  0.5012  0.1280]	-61.7228	0.0000	0.0096
[33,241,254]	[0.9004  0.4844  0.0029]	-56.1250	0.0000	0.0463
[33,241,255]	[1.2979  0.6380  -0.5065]	-71.4115	0.0000	0.0236
[33,241,256]	[0.9091  0.4920  -0.0285]	-55.7522	0.0000	0.0419
[33,241,257]	[0.9042  0.4834  0.0108]	-56.3562	0.0000	0.0375
[33,241,258]	[0.9843  0.5571  -0.1367]	-59.5331	0.0000	0.0216
[33,241,259]	[0.9001  0.4842  -0.0072]	-55.6752	0.0000	0.0314
[33,241,262]	[1.3231  0.6893  0.1954]	-92.0126	0.0000	0.0457
[33,241,263]	[0.9255  0.4886  -0.0517]	-55.4625	0.0000	0.0267
[33,241,265]	[0.9366  0.5160  -0.0772]	-52.4348	0.0000	0.0126
[33,241,266]	[1.3536  0.6285  0.7948]	-84.2625	0.0000	0.0179
[33,241,269]	[0.9976  0.6646  0.7601]	-79.8753	0.0000	0.0086
[33,241,270]	[0.9160  0.4875  -0.0179]	-55.6370	0.0000	0.0472
[33,241,273]	[0.9000  0.4860  -0.0224]	-55.6534	0.0000	0.0133
[33,241,276]	[1.1207  0.6204  -0.2860]	-68.1573	0.0000	0.0318
[33,241,278]	[0.9466  0.4968  0.0336]	-59.6799	0.0000	0.0397
[33,241,279]	[0.9279  0.4879  0.0768]	-59.6229	0.0000	0.0274
[33,241,280]	[1.0378  0.5400  0.1150]	-66.0753	0.0000	0.0131
[33,241,283]	[1.0126  0.6103  -0.1180]	-65.0037	0.0000	0.0418
[33,241,284]	[0.8903  0.4906  0.0251]	-57.1613	0.0000	0.0284
[33,241,285]	[1.0428  0.5465  -0.1865]	-58.9961	0.0000	0.0143
[33,241,286]	[0.9637  0.5348  -0.2020]	-55.9978	0.0000	0.0045
[33,241,288]	[0.9258  0.5259  -0.0602]	-58.2619	0.0000	0.0320
[33,241,289]	[0.9439  0.4899  0.0990]	-60.4104	0.0000	0.0294
[33,241,290]	[0.9802  0.5264  -0.2124]	-56.8973	0.0000	0.0176
[33,241,291]	[1.2375  0.6451  -0.3020]	-68.0152	0.0000	0.0288
[33,241,292]	[0.8997  0.4838  -0.0050]	-55.7590	0.0000	0.0182
[33,241,293]	[0.9489  0.5329  -0.2226]	-57.4068	0.0000	0.0122
[33,241,294]	[1.2086  0.6134  -0.3403]	-65.5710	0.0000	0.0139
[33,241,295]	[0.9939  0.5301  0.1074]	-63.5137	0.0000	0.0193
[33,241,298]	[0.9689  0.5089  -0.1025]	-56.8215	0.0000	0.0181
[33,241,301]	[0.9678  0.5176  -0.0778]	-55.9331	0.0000	0.0474
[33,241,303]	[0.9132  0.4930  -0.0752]	-54.5254	0.0000	0.0123
[33,241,306]	[0.9185  0.4911  0.0438]	-59.9476	0.0000	0.0414
[33,241,308]	[1.2756  0.6267  -0.5901]	-69.8500	0.0000	0.0208
[33,241,310]	[0.8984  0.4840  0.0033]	-56.1238	0.0000	0.0291
[33,241,311]	[1.0259  0.5486  0.1511]	-69.0462	0.0000	0.0213
[33,241,312]	[1.1035  0.5890  -0.2230]	-61.3373	0.0000	0.0162
[33,241,314]	[1.0011  0.5293  -0.1239]	-58.6905	0.0000	0.0316
[33,241,315]	[0.9983  0.5174  0.0857]	-64.6073	0.0000	0.0289
[33,241,316]	[1.0853  0.5927  -0.3179]	-61.5620	0.0000	0.0138
[33,241,319]	[1.1932  0.6163  -0.3065]	-68.3108	0.0000	0.0105
[33,241,323]	[0.9051  0.4939  0.0452]	-58.0979	0.0000	0.0269
[33,241,325]	[0.9249  0.5133  -0.1104]	-56.2023	0.0000	0.0106
[33,241,326]	[0.9042  0.4953  0.0382]	-58.3661	0.0000	0.0400
[33,241,327]	[0.9008  0.4938  -0.0538]	-52.5474	0.0000	0.0217
[33,241,331]	[0.9723  0.5592  -0.1976]	-59.9713	0.0000	0.0246
[33,241,334]	[0.9526  0.5056  -0.0774]	-57.0682	0.0000	0.0411
[33,241,336]	[1.1051  0.6135  0.1344]	-75.0933	0.0000	0.0377
[33,241,339]	[0.9078  0.4872  -0.0520]	-55.4494	0.0000	0.0265
[33,241,341]	[0.8959  0.4823  -0.0387]	-54.1264	0.0000	0.0128
[33,241,342]	[0.9056  0.4867  0.0153]	-56.7730	0.0000	0.0209
[33,241,343]	[0.9199  0.5245  0.1307]	-62.8505	0.0000	0.0340
[33,241,344]	[0.8840  0.4964  -0.0823]	-54.8126	0.0000	0.0067
[33,241,346]	[1.0052  0.5313  -0.2664]	-59.0723	0.0000	0.0103
[33,241,348]	[0.9082  0.4853  -0.0310]	-55.1615	0.0000	0.0115
[33,241,349]	[0.9071  0.4840  0.0268]	-58.1862	0.0000	0.0377
[33,241,351]	[0.9032  0.4856  -0.0172]	-55.4683	0.0000	0.0130
[33,241,353]	[1.0651  0.5446  0.2566]	-68.1272	0.0000	0.0190
[33,241,354]	[0.9424  0.4922  0.1017]	-59.7848	0.0000	0.0235
[33,241,355]	[0.9073  0.4867  -0.0538]	-54.8332	0.0000	0.0075
[33,241,357]	[0.9331  0.5053  -0.0595]	-56.5100	0.0000	0.0351
[33,241,359]	[0.9138  0.4907  -0.0477]	-55.9405	0.0000	0.0351
[33,241,361]	[0.9479  0.4982  -0.1837]	-56.0433	0.0000	0.0086
[33,241,363]	[0.9791  0.5317  -0.0967]	-57.6812	0.0000	0.0205
[33,241,365]	[0.9601  0.5161  -0.0957]	-56.7663	0.0000	0.0346
[33,241,368]	[0.9143  0.4968  0.0454]	-58.6178	0.0000	0.0342
[33,241,370]	[1.0466  0.5942  -0.2573]	-62.8203	0.0000	0.0168
[33,241,375]	[0.8948  0.4954  -0.0251]	-55.1678	0.0000	0.0135
[33,241,377]	[0.9037  0.4810  0.0084]	-56.0595	0.0000	0.0361
[33,241,378]	[1.0478  0.5413  -0.1798]	-62.0825	0.0000	0.0445
[33,241,383]	[0.9009  0.4938  0.0349]	-57.7316	0.0000	0.0132
[33,241,384]	[0.9019  0.4882  -0.0181]	-55.9260	0.0000	0.0175
[33,241,387]	[0.9175  0.5042  -0.0526]	-56.2662	0.0000	0.0438
[33,241,389]	[0.9007  0.4844  -0.0017]	-55.9356	0.0000	0.0363
[33,241,392]	[1.1871  0.6336  -0.2784]	-66.8947	0.0000	0.0293
[33,241,393]	[0.8919  0.4879  -0.0339]	-54.4672	0.0000	0.0263
[33,241,394]	[0.9085  0.4846  -0.0249]	-55.4464	0.0000	0.0432
[33,241,396]	[1.1374  0.6858  -0.4467]	-71.8273	0.0000	0.0125
[33,241,399]	[0.9437  0.5011  -0.1706]	-56.8013	0.0000	0.0154
[33,241,402]	[0.9267  0.5098  -0.0460]	-54.7412	0.0000	0.0456
[33,241,403]	[0.9059  0.4840  0.0243]	-57.1268	0.0000	0.0301
[33,241,404]	[0.9196  0.5217  -0.1578]	-57.1173	0.0000	0.0079
[33,241,405]	[0.9192  0.4928  0.0211]	-57.8728	0.0000	0.0141
[33,241,407]	[0.9129  0.4835  0.0284]	-58.0383	0.0000	0.0293
[33,241,408]	[1.1750  0.6383  0.1624]	-79.4564	0.0000	0.0351
[33,241,409]	[1.2205  0.6614  0.2783]	-86.4842	0.0000	0.0333
[33,241,410]	[0.9015  0.4842  0.0008]	-56.0288	0.0000	0.0365
[33,241,414]	[1.0855  0.6045  0.3434]	-75.0754	0.0000	0.0139
[33,241,416]	[0.9070  0.4904  -0.0466]	-55.9813	0.0000	0.0154
[33,241,417]	[0.8961  0.4798  -0.0397]	-54.5348	0.0000	0.0155
[33,241,418]	[0.9122  0.4871  -0.0215]	-55.4602	0.0000	0.0443
[33,241,419]	[1.4380  0.7509  0.2778]	-97.2513	0.0000	0.0492
[33,241,420]	[0.9975  0.5148  0.2554]	-61.7756	0.0000	0.0091
[33,241,421]	[0.9239  0.5081  -0.0540]	-55.8166	0.0000	0.0400
[33,241,422]	[0.8965  0.4961  -0.0562]	-55.7487	0.0000	0.0098
[33,241,424]	[1.0961  0.5956  -0.3902]	-64.0614	0.0000	0.0279
[33,241,426]	[0.9351  0.5103  -0.0825]	-56.4572	0.0000	0.0193
[33,241,428]	[0.9188  0.4940  0.0395]	-58.3884	0.0000	0.0174
[33,241,429]	[0.8975  0.4847  -0.0249]	-55.6580	0.0000	0.0071
[33,241,431]	[0.9191  0.5175  -0.0615]	-52.7801	0.0000	0.0317
[33,241,433]	[0.9084  0.4874  0.0446]	-57.2873	0.0000	0.0340
[33,241,434]	[1.2075  0.6678  -0.3434]	-69.9538	0.0000	0.0101
[33,241,435]	[1.0789  0.6207  -0.1823]	-64.2730	0.0000	0.0364
[33,241,438]	[0.9008  0.4841  0.0022]	-55.9872	0.0000	0.0241
[33,241,443]	[0.9129  0.4878  -0.0668]	-52.9342	0.0000	0.0193
[33,241,448]	[2.3412  1.2263  0.7747]	-158.9475	0.0000	0.0310
[33,241,452]	[0.8958  0.4948  0.0737]	-58.0488	0.0000	0.0330
[33,241,454]	[0.9142  0.4879  -0.0559]	-55.6970	0.0000	0.0138
[33,241,456]	[1.2020  0.6636  0.3006]	-82.3148	0.0000	0.0306
[33,241,457]	[0.9697  0.5582  -0.1286]	-59.3463	0.0000	0.0294
[33,241,461]	[0.9394  0.4947  0.0674]	-59.3306	0.0000	0.0210
[33,241,462]	[0.8998  0.4840  -0.0057]	-55.7168	0.0000	0.0408
[33,241,463]	[1.0301  0.5789  -0.1161]	-60.0214	0.0000	0.0155
[34,111,241]	[0.1350  0.1932  0.1220]	-23.3344	0.0000	0.0457
[34,126,241]	[0.0698  0.1115  0.1139]	-14.9240	0.0000	0.0471
[34,177,241]	[0.0225  -0.0433  0.0693]	-3.0999	0.0000	0.0453
[34,241,286]	[0.0458  0.0725  -0.1177]	-3.5702	0.0000	0.0263
[34,241,296]	[-0.0793  0.2489  0.0908]	-31.9334	0.0000	0.0333
[34,241,303]	[0.0719  0.0658  -0.0622]	-4.8237	0.0000	0.0399
[34,241,327]	[0.0374  0.0679  -0.0468]	-2.3835	0.0000	0.0451
[34,241,344]	[0.0530  0.0960  -0.1410]	-5.6204	0.0000	0.0488
[34,241,393]	[0.0524  0.0741  -0.0544]	-4.3235	0.0000	0.0356
[35,241,286]	[0.0498  0.0974  -0.1110]	-9.4590	0.0000	0.0492
[35,241,296]	[0.0740  0.2979  0.0883]	-45.0095	0.0000	0.0385
[35,241,303]	[0.0518  0.0891  -0.0446]	-10.4659	0.0000	0.0477
[36,241,296]	[0.3457  0.4855  0.1996]	-83.2321	0.0000	0.0366
[40,241,296]	[-0.0892  0.2488  0.0939]	-32.8024	0.0000	0.0345
[41,241,296]	[0.0390  0.2484  0.0859]	-35.1164	0.0000	0.0495
[42,241,296]	[0.0058  0.2389  0.0834]	-32.3857	0.0000	0.0332
[43,241,286]	[0.0872  0.0734  -0.1335]	-3.4789	0.0000	0.0377
[43,241,296]	[0.2852  0.3258  0.1149]	-49.0186	0.0000	0.0414
[45,126,241]	[-0.3448  0.4327  0.2692]	-26.1148	0.0000	0.0455
[45,156,241]	[-0.0388  0.0468  0.0757]	-8.2483	0.0000	0.0488
[45,241,296]	[-0.0695  0.2551  0.0881]	-31.7829	0.0000	0.0273
[48,241,296]	[-0.0090  0.2439  0.0838]	-31.8160	0.0000	0.0477
[51,241,286]	[-0.0601  0.0773  -0.1426]	-0.6383	0.0000	0.0422
[51,241,296]	[-0.0071  0.2411  0.0829]	-32.0379	0.0000	0.0349
[52,241,296]	[0.0646  0.2501  0.0846]	-34.7601	0.0000	0.0400
[54,241,296]	[-0.0023  0.2410  0.0832]	-32.0322	0.0000	0.0449
[55,241,296]	[0.0037  0.2412  0.0833]	-32.4576	0.0000	0.0370
[56,156,241]	[-0.0229  0.0444  0.0765]	-8.6690	0.0000	0.0460
[56,167,241]	[-0.0089  0.0377  0.0815]	-11.2167	0.0000	0.0446
[56,241,296]	[-0.0075  0.2412  0.0828]	-31.9432	0.0000	0.0316
[57,241,286]	[-0.0235  0.0690  -0.1223]	-1.5979	0.0000	0.0397
[57,241,296]	[0.0384  0.2411  0.0841]	-32.9339	0.0000	0.0307
[57,241,327]	[0.0037  0.0650  -0.0549]	-0.5619	0.0000	0.0449
[57,241,344]	[-0.0196  0.0916  -0.1430]	-3.5040	0.0000	0.0417
[57,241,393]	[0.0364  0.0688  -0.0635]	-2.5351	0.0000	0.0335
[58,241,286]	[-0.0250  0.0692  -0.1249]	-1.1580	0.0000	0.0434
[58,241,296]	[0.0151  0.2413  0.0837]	-32.7746	0.0000	0.0292
[58,241,393]	[-0.0612  0.0756  -0.0749]	-0.3032	0.0000	0.0488
[62,241,296]	[-0.0561  0.2586  0.0871]	-32.4743	0.0000	0.0329
[64,241,296]	[0.0031  0.2406  0.0832]	-32.3302	0.0000	0.0364
[65,241,286]	[-0.1081  0.0770  -0.1170]	-1.8212	0.0000	0.0374
[65,241,344]	[0.0169  0.0904  -0.1478]	-3.7074	0.0000	0.0401
[67,241,296]	[-0.0317  0.2570  0.0883]	-32.6098	0.0000	0.0303
[68,241,286]	[0.0742  0.0891  -0.1091]	-5.4128	0.0000	0.0468
[68,241,296]	[0.1585  0.3199  0.0970]	-44.0656	0.0000	0.0491
[68,241,393]	[0.1116  0.1085  -0.0805]	-6.7056	0.0000	0.0484
[69,241,296]	[-0.0686  0.2696  0.0925]	-33.0701	0.0000	0.0466
[70,111,241]	[0.1034  0.1696  0.1061]	-19.2700	0.0000	0.0474
[70,241,286]	[0.0657  0.0719  -0.1274]	-3.3778	0.0000	0.0271
[70,241,296]	[-0.0188  0.2427  0.0845]	-32.2042	0.0000	0.0310
[70,241,303]	[0.0868  0.0629  -0.0759]	-3.9994	0.0000	0.0418
[70,241,327]	[0.1247  0.0797  -0.0994]	-0.8071	0.0000	0.0336
[70,241,393]	[0.1153  0.0826  -0.0891]	-4.2986	0.0000	0.0318
[72,241,296]	[0.0084  0.2404  0.0836]	-32.9970	0.0000	0.0483
[73,241,296]	[0.0410  0.2455  0.0875]	-34.9212	0.0000	0.0331
[74,126,241]	[0.1051  0.1195  0.1167]	-15.0314	0.0000	0.0407
[74,241,286]	[0.0343  0.0695  -0.1162]	-2.6026	0.0000	0.0317
[74,241,296]	[-0.0047  0.2408  0.0833]	-32.1823	0.0000	0.0336
[74,241,327]	[0.0286  0.0657  -0.0475]	-1.5457	0.0000	0.0491
[74,241,393]	[0.0154  0.0690  -0.0531]	-2.7661	0.0000	0.0388
[75,241,296]	[-0.0183  0.2444  0.0842]	-31.6076	0.0000	0.0352
[76,241,296]	[-0.0675  0.2521  0.0857]	-30.7888	0.0000	0.0343
[76,241,393]	[-0.0083  0.0691  -0.0549]	-2.1359	0.0000	0.0442
[77,164,241]	[0.0967  -0.0516  0.0779]	-6.2172	0.0000	0.0498
[77,167,241]	[0.0427  0.0279  0.0836]	-11.8059	0.0000	0.0496
[77,241,248]	[0.0873  0.0813  -0.0351]	-7.9976	0.0000	0.0414
[77,241,286]	[0.0709  0.0840  -0.1182]	-5.7657	0.0000	0.0466
[77,241,296]	[-0.0292  0.2461  0.0886]	-32.4762	0.0000	0.0426
[77,241,341]	[0.0683  0.0718  -0.0449]	-5.9242	0.0000	0.0461
[77,241,355]	[0.0706  0.0715  -0.0297]	-7.0171	0.0000	0.0497
[77,241,357]	[0.1114  0.0879  -0.0667]	-8.5962	0.0000	0.0474
[77,241,405]	[0.0756  0.0729  -0.0347]	-6.7138	0.0000	0.0456
[77,241,429]	[0.0725  0.0764  -0.0464]	-7.7435	0.0000	0.0495
[78,241,296]	[0.0121  0.2403  0.0838]	-32.8141	0.0000	0.0372
[79,241,286]	[0.0249  0.0681  -0.1290]	-2.1140	0.0000	0.0483
[79,241,296]	[-0.0274  0.2423  0.0836]	-31.9325	0.0000	0.0371
[79,241,393]	[-0.0105  0.0691  -0.0570]	-2.1865	0.0000	0.0430
[80,241,296]	[-0.0174  0.2424  0.0832]	-31.7932	0.0000	0.0322
[81,241,296]	[0.0194  0.2398  0.0828]	-33.0516	0.0000	0.0449
[82,241,296]	[-0.0749  0.2575  0.0951]	-32.1923	0.0000	0.0340
[85,241,296]	[-0.0163  0.2471  0.0842]	-32.0143	0.0000	0.0477
[86,241,296]	[0.0383  0.2517  0.0881]	-35.6184	0.0000	0.0336
[89,241,286]	[-0.0476  0.0810  -0.1231]	-1.8349	0.0000	0.0499
[89,241,296]	[-0.0530  0.2560  0.0835]	-32.3602	0.0000	0.0339
[90,241,296]	[-0.1767  0.3029  0.1001]	-36.1071	0.0000	0.0434
[92,241,286]	[0.0026  0.0676  -0.1224]	-1.8435	0.0000	0.0450
[93,241,296]	[-0.0017  0.2406  0.0832]	-32.1843	0.0000	0.0290
[93,241,393]	[-0.0209  0.0687  -0.0610]	-1.8286	0.0000	0.0458
[94,167,241]	[-0.0898  0.0599  0.0897]	-10.6194	0.0000	0.0463
[94,241,296]	[0.0071  0.2418  0.0835]	-32.7327	0.0000	0.0396
[96,241,286]	[0.1067  0.0841  -0.1333]	-5.0626	0.0000	0.0451
[96,241,296]	[0.1503  0.2731  0.0882]	-38.7480	0.0000	0.0411
[101,167,241]	[-0.0563  0.0374  0.0937]	-10.5078	0.0000	0.0480
[101,241,286]	[-0.1057  0.0999  -0.1811]	0.7842	0.0000	0.0400
[101,241,296]	[-0.1274  0.3000  0.0957]	-34.5724	0.0000	0.0370
[101,241,327]	[-0.1608  0.1228  -0.1553]	8.2378	0.0000	0.0413
[102,241,296]	[0.0200  0.2416  0.0862]	-33.6801	0.0000	0.0393
[103,241,296]	[-0.0121  0.2435  0.0826]	-31.5700	0.0000	0.0382
[104,241,296]	[0.0288  0.2457  0.0859]	-33.7559	0.0000	0.0308
[107,241,286]	[-0.0389  0.0682  -0.1260]	-0.2628	0.0000	0.0338
[107,241,296]	[0.0704  0.2449  0.0849]	-35.5542	0.0000	0.0347
[107,241,393]	[-0.0712  0.0709  -0.0657]	0.6545	0.0000	0.0497
[108,241,296]	[-0.0217  0.2420  0.0841]	-31.0536	0.0000	0.0305
[109,241,296]	[0.0142  0.2416  0.0832]	-33.4981	0.0000	0.0477
[110,241,286]	[0.0277  0.0666  -0.1215]	-2.4458	0.0000	0.0446
[110,241,296]	[0.0246  0.2392  0.0830]	-32.6855	0.0000	0.0336
[110,241,327]	[0.0233  0.0637  -0.0523]	-1.1922	0.0000	0.0475
[111,141,241]	[0.1232  -0.0143  0.0897]	-13.2392	0.0000	0.0428
[111,175,241]	[0.1438  -0.2222  0.1223]	-13.3845	0.0000	0.0469
[111,241,269]	[0.2802  0.2739  0.8111]	-44.5289	0.0000	0.0419
[111,241,286]	[0.0875  0.0885  -0.0945]	-8.8762	0.0000	0.0358
[111,241,296]	[0.1310  0.2766  0.0835]	-42.1317	0.0000	0.0360
[111,241,327]	[0.1306  0.1007  -0.0576]	-10.1202	0.0000	0.0484
[111,241,344]	[0.0914  0.1087  -0.1167]	-10.5957	0.0000	0.0454
[111,241,346]	[0.1257  0.0889  -0.0029]	-13.3759	0.0000	0.0468
[111,241,361]	[0.1239  0.0899  0.0325]	-13.7403	0.0000	0.0483
[111,241,404]	[0.1134  0.1009  -0.0839]	-12.5282	0.0000	0.0453
[111,241,420]	[0.1267  0.0892  0.0011]	-13.4875	0.0000	0.0478
[113,241,286]	[0.0030  0.0681  -0.1226]	-1.8930	0.0000	0.0474
[113,241,296]	[-0.0364  0.2413  0.0845]	-31.8755	0.0000	0.0333
[114,126,241]	[-0.0447  0.1018  0.1138]	-9.2896	0.0000	0.0493
[114,241,286]	[-0.1468  0.1184  -0.2278]	7.8921	0.0000	0.0438
[114,241,296]	[-0.1350  0.3053  0.0958]	-29.2788	0.0000	0.0496
[115,366,449]	[0.1246  0.0772  0.0830]	-32.5344	0.0000	0.0476
[116,241,296]	[0.0392  0.2513  0.0845]	-34.3278	0.0000	0.0474
[119,241,296]	[0.0216  0.2455  0.0862]	-34.0447	0.0000	0.0433
[122,241,296]	[-0.0828  0.2827  0.0924]	-33.8265	0.0000	0.0355
[123,241,296]	[0.0213  0.2442  0.0805]	-32.6347	0.0000	0.0423
[125,241,296]	[-0.0122  0.2416  0.0843]	-31.2338	0.0000	0.0384
[126,176,241]	[0.1125  0.0903  0.1075]	-13.2789	0.0000	0.0458
[126,214,241]	[0.1032  0.0554  0.1024]	-12.4373	0.0714	0.0471
[126,241,246]	[0.1481  0.1481  0.1191]	-19.9844	0.0000	0.0426
[126,241,286]	[0.1046  0.1151  -0.1170]	-9.8086	0.0000	0.0397
[126,241,296]	[0.0246  0.2450  0.0800]	-33.0079	0.0000	0.0335
[126,241,341]	[0.1627  0.1315  -0.1351]	-10.8524	0.0000	0.0409
[126,241,343]	[0.0938  0.1173  0.0800]	-14.6190	0.0000	0.0472
[126,241,344]	[0.0976  0.1306  -0.1242]	-11.0959	0.0000	0.0378
[126,241,354]	[0.1080  0.1015  0.0271]	-12.5256	0.0000	0.0477
[126,241,355]	[0.1097  0.1050  -0.0441]	-11.0425	0.0000	0.0493
[126,241,416]	[0.1121  0.1090  -0.0352]	-12.1954	0.0000	0.0483
[127,152,241]	[0.0506  -0.0383  0.0584]	-5.9949	0.0000	0.0472
[127,232,241]	[0.0501  0.0307  0.0586]	-8.7387	0.0000	0.0442
[127,241,248]	[0.0425  0.0602  -0.0167]	-6.8841	0.0000	0.0456
[127,241,296]	[0.0346  0.2397  0.0819]	-34.4249	0.0000	0.0450
[127,241,327]	[0.0462  0.0673  -0.0531]	-4.1483	0.0000	0.0494
[127,241,341]	[0.0381  0.0578  -0.0375]	-5.4074	0.0000	0.0492
[127,241,355]	[0.0467  0.0574  -0.0392]	-6.4655	0.0000	0.0432
[127,241,361]	[0.0456  0.0591  0.0311]	-7.9226	0.0000	0.0496
[127,241,405]	[0.0582  0.0583  -0.0461]	-6.5704	0.0000	0.0496
[127,241,420]	[0.0444  0.0592  -0.0262]	-7.3621	0.0000	0.0499
[127,241,429]	[0.0451  0.0618  -0.0454]	-7.2368	0.0000	0.0483
[129,241,286]	[0.1240  0.0855  -0.1360]	-3.8376	0.0000	0.0451
[129,241,296]	[0.0596  0.2453  0.0817]	-32.8114	0.0000	0.0378
[133,241,296]	[-0.0049  0.2404  0.0834]	-32.0778	0.0000	0.0432
[134,241,296]	[0.1111  0.2683  0.0981]	-40.4551	0.0000	0.0345
[135,241,296]	[-0.0037  0.2405  0.0832]	-32.0829	0.0000	0.0324
[135,241,393]	[0.0155  0.0701  -0.0580]	-2.9078	0.0000	0.0476
[138,156,241]	[-0.0191  0.0422  0.0765]	-8.2958	0.0000	0.0485
[138,241,286]	[-0.0420  0.0788  -0.1319]	-0.3379	0.0000	0.0477
[138,241,296]	[0.0001  0.2407  0.0831]	-32.2197	0.0000	0.0298
[138,241,393]	[-0.0498  0.0837  -0.0696]	-0.4185	0.0000	0.0459
[141,241,269]	[-0.1406  0.1708  0.5749]	-17.9933	0.0000	0.0438
[141,241,286]	[0.0279  0.0660  -0.1302]	-1.6702	0.0000	0.0285
[141,241,296]	[-0.1524  0.2606  0.0854]	-33.1020	0.0000	0.0396
[141,241,344]	[-0.0904  0.1000  -0.1448]	-3.7746	0.0000	0.0394
[141,241,393]	[-0.0730  0.0756  -0.0548]	-2.4824	0.0000	0.0392
[142,241,296]	[0.1742  0.3200  0.1038]	-47.9207	0.0000	0.0485
[146,241,286]	[0.0106  0.0671  -0.1222]	-2.0031	0.0000	0.0416
[146,241,296]	[-0.1223  0.2720  0.0932]	-33.6887	0.0000	0.0400
[148,241,296]	[0.0106  0.2415  0.0830]	-32.5134	0.0000	0.0418
[150,241,296]	[-0.0216  0.2582  0.0873]	-31.1271	0.0000	0.0485
[151,241,296]	[-0.0114  0.2445  0.0829]	-31.5627	0.0000	0.0383
[152,241,296]	[-0.0565  0.2484  0.0863]	-30.5274	0.0000	0.0299
[153,167,241]	[0.0016  0.0387  0.0808]	-11.6209	0.0000	0.0471
[153,241,296]	[0.0570  0.2409  0.0829]	-32.6824	0.0000	0.0333
[155,241,286]	[-0.0135  0.0679  -0.1243]	-1.3735	0.0000	0.0491
[155,241,296]	[-0.1415  0.2768  0.1001]	-33.5281	0.0000	0.0410
[156,168,241]	[0.0472  -0.0336  0.0761]	-8.7246	0.0000	0.0498
[156,184,241]	[0.0448  -0.0116  0.0730]	-8.9112	0.0000	0.0494
[156,208,241]	[0.0433  0.0726  0.0902]	-11.9260	0.0000	0.0487
[156,240,241]	[0.0593  -0.1053  0.0921]	-5.5928	0.0000	0.0473
[156,241,286]	[0.0702  0.1032  -0.1944]	-8.6772	0.0000	0.0389
[156,241,292]	[0.0543  0.0805  -0.0535]	-8.8095	0.0000	0.0474
[156,241,295]	[0.0499  0.0745  -0.0329]	-9.1192	0.0000	0.0486
[156,241,303]	[0.0407  0.0730  -0.0392]	-7.6039	0.0000	0.0453
[156,241,327]	[0.0781  0.1088  -0.1252]	-5.1129	0.0000	0.0437
[156,241,341]	[0.0432  0.0732  -0.0541]	-6.8436	0.0000	0.0423
[156,241,355]	[0.0473  0.0736  -0.0508]	-8.0713	0.0000	0.0429
[156,241,363]	[0.0487  0.0726  0.0178]	-10.1570	0.0000	0.0497
[156,241,375]	[0.0391  0.0838  -0.0230]	-8.1240	0.0000	0.0498
[156,241,393]	[0.0930  0.1264  -0.1430]	-10.6357	0.0000	0.0386
[156,241,405]	[0.0455  0.0733  -0.0355]	-7.8419	0.0000	0.0418
[156,241,429]	[0.0502  0.0819  -0.0738]	-9.4921	0.0000	0.0459
[156,241,454]	[0.0444  0.0727  -0.0044]	-9.0639	0.0000	0.0494
[156,241,461]	[0.0574  0.0842  -0.0539]	-9.7345	0.0000	0.0490
[158,241,296]	[-0.1076  0.2856  0.1011]	-33.9883	0.0000	0.0378
[161,241,296]	[-0.0103  0.2409  0.0843]	-32.0979	0.0000	0.0357
[161,241,327]	[0.0480  0.0748  -0.0473]	-3.3389	0.0000	0.0439
[161,241,393]	[0.0412  0.0759  -0.0470]	-4.6476	0.0000	0.0495
[164,167,241]	[-0.0520  0.0492  0.0877]	-10.5845	0.0000	0.0448
[164,241,296]	[-0.0719  0.2609  0.0922]	-31.0290	0.0000	0.0278
[166,241,296]	[0.0163  0.2450  0.0877]	-34.7705	0.0000	0.0344
[167,168,241]	[0.0390  -0.0209  0.0823]	-11.1893	0.0000	0.0473
[167,176,241]	[0.0395  -0.0174  0.0811]	-11.5988	0.0000	0.0472
[167,193,241]	[0.0390  -0.0148  0.0804]	-11.1843	0.0000	0.0476
[167,232,241]	[0.0384  0.0049  0.0807]	-11.6955	0.0000	0.0441
[167,241,248]	[0.0369  0.0807  -0.0072]	-11.0927	0.0000	0.0456
[167,241,253]	[0.0367  0.0832  0.0433]	-12.9025	0.0000	0.0492
[167,241,280]	[0.0450  0.0892  -0.0533]	-11.8105	0.0000	0.0497
[167,241,292]	[0.0503  0.0927  -0.0620]	-12.1505	0.0000	0.0480
[167,241,298]	[0.0397  0.0828  0.0186]	-12.3443	0.0000	0.0490
[167,241,303]	[0.0383  0.0826  -0.0522]	-10.0265	0.0000	0.0499
[167,241,312]	[0.0404  0.0812  0.0181]	-12.4545	0.0000	0.0485
[167,241,315]	[0.0624  0.1086  -0.0806]	-13.4115	0.0000	0.0494
[167,241,319]	[0.0389  0.0808  -0.0025]	-11.5979	0.0000	0.0468
[167,241,341]	[0.0362  0.0798  -0.0439]	-9.3575	0.0000	0.0422
[167,241,346]	[0.0381  0.0800  -0.0385]	-11.0533	0.0000	0.0484
[167,241,348]	[0.0396  0.0820  0.0102]	-12.1711	0.0000	0.0452
[167,241,355]	[0.0389  0.0805  -0.0403]	-10.5078	0.0000	0.0416
[167,241,361]	[0.0402  0.0805  -0.0266]	-11.5104	0.0000	0.0463
[167,241,363]	[0.0410  0.0809  0.0129]	-12.4241	0.0000	0.0492
[167,241,405]	[0.0426  0.0833  -0.0431]	-10.6188	0.0000	0.0437
[167,241,429]	[0.0432  0.0903  -0.0725]	-12.1597	0.0000	0.0450
[167,241,438]	[0.0435  0.0819  -0.0369]	-12.0614	0.0000	0.0479
[167,241,454]	[0.0389  0.0811  0.0044]	-11.7128	0.0000	0.0487
[168,241,296]	[-0.0417  0.2468  0.0847]	-31.7997	0.0000	0.0292
[169,241,296]	[0.0008  0.2408  0.0831]	-32.2358	0.0000	0.0386
[173,241,296]	[0.0138  0.2412  0.0823]	-32.6513	0.0000	0.0495
[175,241,286]	[-0.2920  0.1113  -0.1795]	0.9971	0.0000	0.0378
[175,241,296]	[-0.2359  0.2765  0.0856]	-31.5771	0.0000	0.0444
[175,241,344]	[-0.1677  0.1076  -0.1245]	-2.6988	0.0000	0.0394
[176,241,286]	[0.0851  0.0694  -0.1290]	-2.4690	0.0000	0.0476
[176,241,327]	[-0.0123  0.0652  -0.0559]	-0.3516	0.0000	0.0496
[176,241,393]	[0.0320  0.0690  -0.0559]	-2.6734	0.0000	0.0420
[177,217,241]	[-0.0467  0.0631  0.0731]	-4.6002	0.0000	0.0479
[177,241,286]	[-0.0907  0.0996  -0.1961]	3.0774	0.0000	0.0485
[177,241,296]	[0.0605  0.2599  0.0990]	-39.9825	0.0000	0.0375
[177,241,303]	[-0.0549  0.0726  -0.0655]	0.0456	0.0000	0.0497
[177,241,393]	[-0.0452  0.0800  -0.0531]	-0.6764	0.0000	0.0495
[177,241,463]	[-0.0683  0.0904  -0.0593]	0.4373	0.0000	0.0431
[180,241,296]	[0.0234  0.2396  0.0830]	-33.0526	0.0000	0.0392
[181,241,286]	[-0.0766  0.0764  -0.1081]	-0.3999	0.0000	0.0461
[181,241,296]	[-0.2702  0.3245  0.1049]	-33.6594	0.0000	0.0422
[184,241,286]	[-0.0330  0.0691  -0.1352]	-0.7921	0.0000	0.0453
[184,241,296]	[-0.0093  0.2408  0.0832]	-32.0110	0.0000	0.0358
[184,241,393]	[-0.0062  0.0689  -0.0569]	-2.2066	0.0000	0.0475
[185,241,296]	[0.1394  0.2966  0.1017]	-45.6056	0.0000	0.0394
[188,241,296]	[0.0250  0.2466  0.0886]	-34.7034	0.0000	0.0374
[189,241,296]	[0.0392  0.2486  0.0859]	-35.9216	0.0000	0.0362
[189,241,393]	[-0.0251  0.0704  -0.0679]	-0.2629	0.0000	0.0499
[190,241,286]	[0.1202  0.0714  -0.1284]	-2.6528	0.0000	0.0474
[190,241,296]	[0.1416  0.2473  0.0846]	-33.7984	0.0000	0.0415
[191,241,296]	[0.0099  0.2400  0.0830]	-32.6958	0.0000	0.0343
[192,241,269]	[0.0473  0.1515  0.5378]	-17.2538	0.0000	0.0487
[192,241,286]	[0.2121  0.0718  -0.1161]	-3.1852	0.0000	0.0424
[192,241,296]	[-0.1644  0.2496  0.0887]	-33.1346	0.0000	0.0442
[193,241,296]	[0.0562  0.2564  0.0892]	-36.0936	0.0000	0.0318
[194,241,296]	[-0.0263  0.2389  0.0863]	-31.7226	0.0000	0.0304
[195,241,296]	[-0.0707  0.2693  0.0863]	-31.3068	0.0000	0.0429
[196,241,296]	[-0.0650  0.2576  0.0907]	-32.4302	0.0000	0.0361
[197,241,296]	[0.0721  0.2514  0.0835]	-35.3558	0.0000	0.0474
[199,241,296]	[0.0123  0.2439  0.0843]	-33.3911	0.0000	0.0461
[200,241,286]	[-0.2027  0.1053  -0.1146]	-3.5959	0.0000	0.0424
[202,241,296]	[0.0413  0.2554  0.0985]	-38.9160	0.0000	0.0458
[208,241,286]	[0.1278  0.1037  -0.1672]	-6.1349	0.0000	0.0370
[208,241,296]	[0.1065  0.2727  0.0858]	-37.3738	0.0000	0.0402
[208,241,344]	[0.0777  0.1101  -0.1447]	-6.8000	0.0000	0.0482
[208,241,393]	[0.1130  0.1016  -0.0780]	-6.2597	0.0000	0.0462
[210,241,296]	[-0.0563  0.2657  0.0869]	-31.1276	0.0000	0.0381
[211,241,296]	[-0.2590  0.3771  0.1252]	-41.6312	0.0000	0.0416
[214,241,286]	[0.0290  0.0672  -0.1156]	-2.2954	0.0000	0.0375
[214,241,296]	[0.0972  0.2410  0.0832]	-33.3905	0.0000	0.0317
[215,241,296]	[-0.0514  0.2463  0.0866]	-31.0512	0.0000	0.0339
[217,241,248]	[0.0929  0.0699  -0.0410]	-6.7202	0.0000	0.0489
[217,241,286]	[0.0474  0.0704  -0.1069]	-3.9451	0.0000	0.0426
[217,241,341]	[0.0765  0.0629  -0.0725]	-4.0663	0.0000	0.0458
[217,241,393]	[0.0408  0.0679  -0.0380]	-4.4892	0.0000	0.0499
[219,241,286]	[-0.0604  0.0908  -0.1143]	0.4372	0.0000	0.0455
[219,241,296]	[0.0460  0.2320  0.0873]	-35.4760	0.0000	0.0355
[220,241,296]	[0.0350  0.2425  0.0842]	-34.5789	0.0000	0.0329
[221,241,296]	[-0.0150  0.2403  0.0828]	-31.2900	0.0000	0.0293
[223,241,296]	[-0.0412  0.2628  0.0976]	-34.0437	0.0000	0.0417
[224,241,296]	[-0.0129  0.2425  0.0834]	-31.7155	0.0000	0.0414
[225,241,286]	[-0.0514  0.0723  -0.1162]	-1.6743	0.0000	0.0345
[225,241,296]	[-0.0398  0.2428  0.0823]	-31.7386	0.0000	0.0298
[225,241,393]	[-0.0511  0.0726  -0.0514]	-2.2541	0.0000	0.0414
[226,241,286]	[0.0439  0.0617  -0.1186]	-2.4718	0.0000	0.0416
[226,241,296]	[-0.0613  0.2597  0.0880]	-33.0522	0.0000	0.0428
[226,241,327]	[0.0683  0.0570  -0.0599]	-1.0949	0.0000	0.0445
[226,241,393]	[0.0593  0.0612  -0.0577]	-3.1077	0.0000	0.0429
[227,241,296]	[-0.0680  0.2732  0.0883]	-32.7751	0.0000	0.0413
[228,241,296]	[-0.0841  0.2634  0.1037]	-32.3734	0.0000	0.0364
[228,241,303]	[0.0497  0.0714  -0.0616]	-6.2682	0.0000	0.0463
[230,241,286]	[-0.1065  0.0853  -0.1258]	0.5930	0.0000	0.0382
[230,241,296]	[-0.2036  0.3053  0.0975]	-32.5588	0.0000	0.0360
[230,241,344]	[-0.1603  0.1316  -0.2045]	-0.0106	0.0000	0.0461
[231,241,296]	[-0.0413  0.2504  0.0873]	-32.1025	0.0000	0.0373
[232,241,286]	[0.0626  0.0727  -0.1558]	-3.1088	0.0000	0.0481
[232,241,296]	[0.0113  0.2406  0.0830]	-32.4933	0.0000	0.0294
[232,241,393]	[0.0424  0.0721  -0.0663]	-3.3546	0.0000	0.0407
[234,241,296]	[0.0297  0.2476  0.0841]	-34.5117	0.0000	0.0409
[235,241,296]	[0.0580  0.2715  0.0962]	-41.3437	0.0000	0.0493
[236,241,296]	[-0.0319  0.2469  0.0839]	-30.6530	0.0000	0.0350
[237,241,286]	[0.0030  0.0672  -0.1255]	-1.8678	0.0000	0.0447
[237,241,296]	[-0.0391  0.2544  0.0833]	-31.0800	0.0000	0.0370
[238,241,296]	[-0.0445  0.2546  0.0896]	-31.5729	0.0000	0.0394
[239,241,296]	[0.0323  0.2397  0.0821]	-32.8151	0.0000	0.0369
[240,241,286]	[-0.0264  0.0701  -0.1116]	-0.6995	0.0000	0.0288
[240,241,296]	[-0.0129  0.2409  0.0825]	-31.3414	0.0000	0.0286
[240,241,393]	[-0.0476  0.0735  -0.0510]	-0.1473	0.0000	0.0490
[241,242,296]	[0.2574  -0.0399  0.0850]	-31.9090	0.0000	0.0346
[241,243,296]	[0.2449  -0.0478  0.0838]	-31.1138	0.0000	0.0324
[241,244,286]	[0.0676  0.0045  -0.1244]	-1.8830	0.0000	0.0426
[241,244,296]	[0.2738  -0.1399  0.0906]	-32.0028	0.0000	0.0394
[241,244,327]	[0.0690  -0.0377  -0.0513]	-0.0098	0.0000	0.0477
[241,244,393]	[0.0769  -0.0609  -0.0603]	-1.0693	0.0000	0.0398
[241,246,286]	[0.0803  0.0586  -0.1215]	-4.2193	0.0000	0.0454
[241,246,296]	[0.2850  0.1214  0.0915]	-39.9557	0.0000	0.0389
[241,247,296]	[0.2516  0.0375  0.0901]	-35.5618	0.0000	0.0429
[241,248,296]	[0.2892  -0.0737  0.0995]	-36.1864	0.0000	0.0263
[241,248,393]	[0.0774  -0.0339  -0.0697]	-1.2552	0.0000	0.0472
[241,250,296]	[0.2930  -0.0962  0.1079]	-35.0409	0.0000	0.0442
[241,252,296]	[0.2447  -0.0402  0.0869]	-31.7964	0.0000	0.0415
[241,253,286]	[0.0739  0.0721  -0.1195]	-4.7160	0.0000	0.0289
[241,253,296]	[0.2530  0.1108  0.0843]	-36.9751	0.0000	0.0349
[241,253,327]	[0.0684  0.0535  -0.0469]	-3.1333	0.0000	0.0478
[241,253,393]	[0.0736  0.0653  -0.0528]	-5.0475	0.0000	0.0388
[241,254,296]	[0.2459  0.0230  0.0835]	-33.7870	0.0000	0.0479
[241,255,286]	[0.0732  0.0924  -0.1117]	-3.3810	0.0000	0.0328
[241,255,327]	[0.0712  0.1068  -0.0472]	-2.5832	0.0000	0.0495
[241,255,344]	[0.0950  0.0970  -0.1334]	-5.1492	0.0000	0.0470
[241,255,393]	[0.0716  0.0806  -0.0449]	-3.8921	0.0000	0.0447
[241,256,296]	[0.2432  -0.0132  0.0834]	-31.9932	0.0000	0.0347
[241,257,296]	[0.2428  -0.0108  0.0831]	-31.9877	0.0000	0.0323
[241,258,296]	[0.2519  -0.0445  0.0833]	-31.8653	0.0000	0.0326
[241,259,296]	[0.2456  0.0265  0.0862]	-34.1559	0.0000	0.0353
[241,261,296]	[0.2499  -0.0245  0.0822]	-30.2745	0.0000	0.0474
[241,262,296]	[0.2802  0.0807  0.1001]	-42.7814	0.0000	0.0311
[241,263,296]	[0.2391  -0.0212  0.0837]	-31.6297	0.0000	0.0360
[241,265,296]	[0.3028  -0.1253  0.1000]	-28.8758	0.0000	0.0410
[241,266,286]	[0.0689  -0.0093  -0.1238]	-1.7804	0.0000	0.0329
[241,266,344]	[0.0871  0.0429  -0.1441]	-3.8169	0.0000	0.0488
[241,269,286]	[0.1924  0.6654  -0.1880]	-16.7123	0.0000	0.0368
[241,269,344]	[0.1952  0.5698  -0.1581]	-17.4116	0.0000	0.0475
[241,269,404]	[0.2003  0.6301  -0.1844]	-19.2916	0.0000	0.0448
[241,271,296]	[0.2479  -0.0134  0.0840]	-31.7742	0.0000	0.0490
[241,272,296]	[0.2764  0.0454  0.1002]	-42.2652	0.0000	0.0491
[241,273,286]	[0.0764  -0.0681  -0.1363]	-0.7948	0.0000	0.0418
[241,273,296]	[0.2729  -0.1364  0.0912]	-33.3826	0.0000	0.0379
[241,276,296]	[0.2579  -0.0763  0.0870]	-33.4078	0.0000	0.0392
[241,278,296]	[0.2411  -0.0051  0.0827]	-31.8960	0.0000	0.0380
[241,279,296]	[0.2385  0.0319  0.0838]	-33.3131	0.0000	0.0309
[241,280,286]	[0.0690  -0.0173  -0.1193]	-1.5545	0.0000	0.0390
[241,280,296]	[0.2595  0.0716  0.0941]	-37.3233	0.0000	0.0322
[241,280,303]	[0.0604  -0.0335  -0.0584]	-1.6943	0.0000	0.0466
[241,281,296]	[0.2425  0.0168  0.0838]	-33.3479	0.0000	0.0497
[241,283,296]	[0.2628  -0.0344  0.0835]	-33.0886	0.0000	0.0498
[241,284,296]	[0.2477  0.0247  0.0812]	-33.3180	0.0000	0.0408
[241,285,286]	[0.0684  0.0116  -0.1240]	-2.1239	0.0000	0.0427
[241,285,296]	[0.2465  -0.0639  0.0865]	-31.6000	0.0000	0.0315
[241,285,393]	[0.0690  0.0042  -0.0568]	-2.4785	0.0000	0.0404
[241,286,290]	[0.0811  -0.2081  -0.1995]	3.1127	0.0000	0.0479
[241,286,291]	[0.0682  -0.1255  0.0210]	-2.2900	0.0000	0.0450
[241,286,292]	[0.0715  -0.1316  -0.0378]	-0.6205	0.0000	0.0409
[241,286,295]	[0.0711  -0.1617  -0.0558]	0.0011	0.0000	0.0359
[241,286,296]	[0.2614  -0.1461  0.0857]	-30.4717	0.0000	0.0296
[241,286,310]	[0.0801  -0.1004  0.0419]	-6.0538	0.0000	0.0458
[241,286,314]	[0.0698  -0.1323  0.0445]	-2.7527	0.0000	0.0481
[241,286,316]	[0.0761  -0.1349  -0.1045]	0.0465	0.0000	0.0407
[241,286,319]	[0.0681  -0.1304  -0.0277]	-1.2810	0.0000	0.0387
[241,286,325]	[0.0764  -0.1212  -0.0530]	-1.3030	0.0000	0.0390
[241,286,327]	[0.0708  -0.1072  -0.0244]	-0.5543	0.0000	0.0368
[241,286,341]	[0.0672  -0.1108  -0.0354]	-0.6216	0.0000	0.0334
[241,286,344]	[0.0887  -0.0803  -0.1015]	-2.3626	0.0000	0.0275
[241,286,346]	[0.0691  -0.1315  0.0279]	-1.9738	0.0000	0.0392
[241,286,353]	[0.0714  -0.1349  -0.0324]	-1.2704	0.0000	0.0448
[241,286,355]	[0.0688  -0.1303  0.0098]	-1.9644	0.0000	0.0456
[241,286,361]	[0.0665  -0.1408  -0.0724]	-0.4667	0.0000	0.0440
[241,286,375]	[0.1342  -0.2249  -0.0981]	1.7302	0.0000	0.0357
[241,286,384]	[0.0648  -0.1247  0.0164]	-1.8784	0.0000	0.0456
[241,286,393]	[0.0743  -0.1020  -0.0354]	-1.1702	0.0000	0.0405
[241,286,396]	[0.0852  -0.1147  -0.0908]	-2.4210	0.0000	0.0453
[241,286,399]	[0.0693  -0.1255  0.0539]	-2.2928	0.0000	0.0277
[241,286,404]	[0.0649  -0.1364  0.0244]	-1.5707	0.0000	0.0326
[241,286,405]	[0.0686  -0.1294  -0.0382]	-0.1591	0.0000	0.0291
[241,286,414]	[0.0784  -0.1236  0.1097]	-4.5146	0.0000	0.0386
[241,286,417]	[0.0645  -0.1132  -0.0488]	-0.5788	0.0000	0.0305
[241,286,420]	[0.0707  -0.1189  -0.0533]	-1.8446	0.0000	0.0236
[241,286,422]	[0.0799  -0.1121  -0.0522]	-2.0484	0.0000	0.0257
[241,286,424]	[0.0661  -0.1265  0.0473]	-2.1414	0.0000	0.0481
[241,286,429]	[0.0696  -0.1154  -0.0263]	-1.8380	0.0000	0.0252
[241,286,431]	[0.0818  -0.1126  -0.0370]	0.5463	0.0000	0.0465
[241,286,434]	[0.0723  -0.1157  -0.0461]	-1.4552	0.0000	0.0300
[241,286,438]	[0.0711  -0.1205  0.0612]	-2.6637	0.0000	0.0469
[241,286,452]	[0.0937  -0.1561  0.1249]	-5.2643	0.0000	0.0462
[241,286,454]	[0.0691  -0.1260  0.0196]	-2.1300	0.0000	0.0391
[241,286,461]	[0.0697  -0.1253  -0.0131]	-1.5575	0.0000	0.0448
[241,286,463]	[0.0783  -0.1224  -0.0363]	-0.7680	0.0000	0.0374
[241,287,296]	[0.2697  0.0691  0.1001]	-41.5744	0.0000	0.0414
[241,289,296]	[0.2385  0.0628  0.0863]	-34.5379	0.0000	0.0331
[241,289,393]	[0.0720  -0.0180  -0.0587]	-1.9497	0.0000	0.0405
[241,290,296]	[0.2565  -0.1442  0.0888]	-31.6732	0.0000	0.0352
[241,290,393]	[0.0695  -0.0458  -0.0553]	-1.6196	0.0000	0.0477
[241,291,296]	[0.2586  -0.0943  0.0911]	-32.5995	0.0000	0.0363
[241,292,296]	[0.2417  -0.0225  0.0829]	-31.4992	0.0000	0.0291
[241,293,296]	[0.2547  -0.1027  0.0841]	-31.9147	0.0000	0.0366
[241,293,393]	[0.0734  -0.0442  -0.0542]	-2.1726	0.0000	0.0496
[241,294,296]	[0.2875  -0.2280  0.1092]	-35.6144	0.0000	0.0394
[241,294,393]	[0.0692  0.0071  -0.0566]	-2.5388	0.0000	0.0438
[241,295,296]	[0.2539  0.0598  0.0886]	-35.2897	0.0000	0.0348
[241,295,393]	[0.0689  0.0008  -0.0567]	-2.3805	0.0000	0.0401
[241,296,298]	[0.2440  0.0862  -0.0489]	-31.8007	0.0000	0.0312
[241,296,300]	[0.2429  0.0835  -0.0112]	-31.8914	0.0000	0.0469
[241,296,301]	[0.2676  0.0944  -0.0770]	-32.1847	0.0000	0.0328
[241,296,302]	[0.2427  0.0836  0.0121]	-32.9381	0.0000	0.0458
[241,296,303]	[0.2409  0.0824  -0.0431]	-30.7411	0.0000	0.0279
[241,296,308]	[0.2452  0.0877  -0.0949]	-32.5310	0.0000	0.0332
[241,296,310]	[0.2513  0.0814  0.0420]	-35.4652	0.0000	0.0494
[241,296,311]	[0.2663  0.0931  0.1039]	-39.6184	0.0000	0.0286
[241,296,312]	[0.3188  0.1145  -0.2179]	-36.6703	0.0000	0.0385
[241,296,314]	[0.2471  0.0864  -0.0443]	-32.2239	0.0000	0.0404
[241,296,315]	[0.2622  0.0983  0.0817]	-40.2544	0.0000	0.0403
[241,296,316]	[0.2846  0.0965  -0.2154]	-33.3272	0.0000	0.0396
[241,296,319]	[0.2663  0.0960  -0.1380]	-34.5424	0.0000	0.0377
[241,296,322]	[0.2465  0.0848  0.0136]	-33.9963	0.0000	0.0433
[241,296,323]	[0.2923  0.0964  0.1284]	-42.0664	0.0000	0.0403
[241,296,325]	[0.2693  0.0877  -0.1134]	-32.5884	0.0000	0.0367
[241,296,326]	[0.2599  0.0854  0.0558]	-36.2245	0.0000	0.0438
[241,296,327]	[0.2407  0.0825  -0.0072]	-31.5556	0.0000	0.0368
[241,296,330]	[0.2843  0.1226  0.1254]	-49.5152	0.0000	0.0334
[241,296,331]	[0.2863  0.0895  -0.1509]	-34.2832	0.0000	0.0407
[241,296,334]	[0.2466  0.0866  -0.0468]	-32.2543	0.0000	0.0355
[241,296,336]	[0.2890  0.0959  0.0825]	-41.0531	0.0000	0.0396
[241,296,339]	[0.2435  0.0844  0.0310]	-33.1684	0.0000	0.0369
[241,296,341]	[0.2393  0.0822  -0.0412]	-30.2623	0.0000	0.0280
[241,296,342]	[0.2421  0.0841  -0.0353]	-31.3077	0.0000	0.0335
[241,296,343]	[0.2673  0.0835  0.1072]	-37.0770	0.0000	0.0433
[241,296,344]	[0.2628  0.0808  -0.1100]	-31.1895	0.0000	0.0327
[241,296,346]	[0.2517  0.0887  -0.1560]	-32.3933	0.0000	0.0352
[241,296,348]	[0.2474  0.0880  -0.0589]	-31.5314	0.0000	0.0296
[241,296,349]	[0.2500  0.0897  0.0475]	-37.7506	0.0000	0.0456
[241,296,350]	[0.2714  0.1053  0.0756]	-41.5828	0.0000	0.0388
[241,296,351]	[0.2412  0.0835  0.0100]	-32.6937	0.0000	0.0285
[241,296,352]	[0.2473  0.0848  -0.0184]	-31.9755	0.0000	0.0426
[241,296,353]	[0.2590  0.0968  0.1776]	-38.7203	0.0000	0.0370
[241,296,354]	[0.2724  0.1068  0.1854]	-42.8511	0.0000	0.0426
[241,296,355]	[0.2412  0.0835  -0.0456]	-31.0723	0.0000	0.0270
[241,296,357]	[0.2448  0.0837  -0.0288]	-31.7676	0.0000	0.0304
[241,296,359]	[0.2407  0.0831  -0.0010]	-32.1958	0.0000	0.0373
[241,296,361]	[0.2425  0.0858  -0.0901]	-31.8182	0.0000	0.0313
[241,296,363]	[0.2800  0.0961  -0.0955]	-33.8658	0.0000	0.0370
[241,296,365]	[0.2417  0.0831  -0.0297]	-31.3780	0.0000	0.0419
[241,296,368]	[0.2410  0.0831  0.0031]	-32.3218	0.0000	0.0414
[241,296,370]	[0.2773  0.0895  -0.1410]	-33.5299	0.0000	0.0355
[241,296,375]	[0.2530  0.0820  -0.0261]	-31.3666	0.0000	0.0408
[241,296,378]	[0.2488  0.0888  -0.0653]	-33.2899	0.0000	0.0414
[241,296,383]	[0.2546  0.0839  0.0436]	-34.6772	0.0000	0.0324
[241,296,384]	[0.2326  0.0909  0.1258]	-35.5207	0.0000	0.0331
[241,296,385]	[0.2420  0.0841  0.0363]	-35.5053	0.0000	0.0463
[241,296,387]	[0.2541  0.0849  -0.0409]	-32.2854	0.0000	0.0363
[241,296,389]	[0.2640  0.0866  -0.0544]	-32.8910	0.0000	0.0434
[241,296,390]	[0.2550  0.0930  0.0337]	-36.0508	0.0000	0.0370
[241,296,392]	[0.2698  0.0938  -0.1090]	-33.6614	0.0000	0.0406
[241,296,393]	[0.2423  0.0856  0.0162]	-33.5157	0.0000	0.0400
[241,296,394]	[0.2460  0.0841  0.0258]	-33.5240	0.0000	0.0393
[241,296,399]	[0.2444  0.0856  -0.0883]	-32.1981	0.0000	0.0338
[241,296,401]	[0.2405  0.0830  -0.0020]	-32.0451	0.0000	0.0447
[241,296,402]	[0.2649  0.0879  -0.0468]	-31.0567	0.0000	0.0380
[241,296,403]	[0.2472  0.0845  -0.0333]	-31.4921	0.0000	0.0326
[241,296,404]	[0.2933  0.0904  -0.1993]	-34.7881	0.0000	0.0444
[241,296,405]	[0.2411  0.0833  -0.0344]	-30.8878	0.0000	0.0289
[241,296,407]	[0.2474  0.0920  0.0593]	-38.1115	0.0000	0.0303
[241,296,408]	[0.3167  0.1093  0.1210]	-46.8116	0.0000	0.0430
[241,296,409]	[0.4018  0.1427  0.3116]	-65.9447	0.0000	0.0446
[241,296,410]	[0.2415  0.0828  -0.0133]	-31.6349	0.0000	0.0339
[241,296,416]	[0.2388  0.0834  0.0330]	-32.5268	0.0000	0.0325
[241,296,417]	[0.2376  0.0836  -0.0826]	-29.9821	0.0000	0.0288
[241,296,418]	[0.2444  0.0833  0.0307]	-33.9053	0.0000	0.0351
[241,296,420]	[0.2553  0.0953  0.2107]	-36.5379	0.0000	0.0445
[241,296,421]	[0.2574  0.0856  -0.0461]	-31.7923	0.0000	0.0434
[241,296,422]	[0.2618  0.0833  -0.0823]	-32.3354	0.0000	0.0334
[241,296,424]	[0.2505  0.0856  -0.0884]	-32.3464	0.0000	0.0363
[241,296,425]	[0.2635  0.0992  0.0924]	-41.5718	0.0000	0.0371
[241,296,426]	[0.2684  0.0906  -0.0918]	-33.0954	0.0000	0.0385
[241,296,428]	[0.2407  0.0834  -0.0196]	-31.6210	0.0000	0.0305
[241,296,429]	[0.2440  0.0828  -0.0440]	-31.9118	0.0000	0.0284
[241,296,431]	[0.2658  0.0847  -0.0537]	-29.0422	0.0000	0.0348
[241,296,433]	[0.2595  0.0918  0.1063]	-37.2707	0.0000	0.0400
[241,296,434]	[0.3325  0.1117  -0.2558]	-39.1418	0.0000	0.0401
[241,296,435]	[0.2787  0.0890  -0.0876]	-33.2660	0.0000	0.0396
[241,296,438]	[0.2563  0.0868  0.1336]	-35.1881	0.0000	0.0392
[241,296,443]	[0.2408  0.0839  -0.0514]	-29.6022	0.0000	0.0296
[241,296,447]	[0.2447  0.0842  0.0157]	-33.5739	0.0000	0.0447
[241,296,448]	[0.8622  0.3314  0.9263]	-140.2369	0.0000	0.0464
[241,296,450]	[0.2408  0.0836  -0.0073]	-31.7049	0.0000	0.0496
[241,296,452]	[0.2511  0.0821  0.0719]	-34.1688	0.0000	0.0391
[241,296,454]	[0.2418  0.0833  0.0156]	-32.5671	0.0000	0.0297
[241,296,455]	[0.2580  0.0914  -0.0383]	-32.1180	0.0000	0.0430
[241,296,456]	[0.3347  0.1129  0.2285]	-49.1503	0.0000	0.0471
[241,296,457]	[0.2518  0.0827  -0.0372]	-31.9022	0.0000	0.0351
[241,296,461]	[0.2425  0.0862  0.0440]	-33.9930	0.0000	0.0380
[241,296,462]	[0.2408  0.0827  -0.0126]	-31.6742	0.0000	0.0347
[241,296,463]	[0.2934  0.0952  -0.0897]	-33.6944	0.0000	0.0329
[241,303,327]	[0.0674  -0.0547  -0.0546]	1.0196	0.0000	0.0452
[241,303,405]	[0.0654  -0.2502  -0.1707]	10.0639	0.0000	0.0436
[241,303,431]	[0.1772  -0.3873  -0.2634]	25.2059	0.0000	0.0426
[241,312,393]	[0.0689  0.0066  -0.0578]	-2.5208	0.0000	0.0478
[241,314,327]	[0.0682  0.0498  -0.0661]	-1.0369	0.0000	0.0492
[241,314,393]	[0.0702  0.0339  -0.0593]	-3.1247	0.0000	0.0482
[241,319,393]	[0.0689  -0.0066  -0.0573]	-2.2500	0.0000	0.0467
[241,325,327]	[0.0821  -0.0872  -0.0706]	1.3772	0.0000	0.0430
[241,327,341]	[0.0720  -0.0849  -0.0960]	5.2230	0.0000	0.0406
[241,327,344]	[0.1109  -0.0749  -0.1700]	1.1127	0.0000	0.0488
[241,327,355]	[0.0663  -0.0634  -0.0525]	1.4857	0.0000	0.0434
[241,327,361]	[0.0651  -0.0544  -0.0002]	-0.5519	0.0000	0.0462
[241,327,393]	[0.0704  -0.0271  -0.0426]	-1.0550	0.0000	0.0375
[241,327,399]	[0.0651  -0.0554  -0.0093]	-0.4047	0.0714	0.0475
[241,327,417]	[0.0610  -0.0417  -0.0356]	-0.3260	0.0714	0.0491
[241,327,429]	[0.0697  -0.0544  -0.0508]	-0.3237	0.0000	0.0487
[241,327,454]	[0.0652  -0.0544  0.0013]	-0.5788	0.0000	0.0458
[241,341,393]	[0.0693  -0.0552  -0.0549]	-0.2098	0.0000	0.0307
[241,341,429]	[0.0572  -0.0502  -0.0133]	-1.9372	0.0000	0.0452
[241,342,393]	[0.0685  -0.0065  -0.0557]	-2.1675	0.0000	0.0464
[241,344,346]	[0.0898  -0.1405  -0.0287]	-3.3939	0.0000	0.0489
[241,344,396]	[0.1022  -0.1307  -0.0732]	-4.0916	0.0000	0.0489
[241,344,399]	[0.0992  -0.1678  0.1205]	-4.8009	0.0000	0.0444
[241,344,404]	[0.0934  -0.1303  -0.0322]	-3.7435	0.0000	0.0351
[241,344,417]	[0.0895  -0.1572  -0.0939]	-0.9463	0.0000	0.0478
[241,344,420]	[0.0963  -0.1446  -0.0866]	-3.6169	0.0000	0.0455
[241,344,422]	[0.1120  -0.1461  -0.0821]	-3.7472	0.0000	0.0431
[241,344,429]	[0.0970  -0.1479  -0.0569]	-3.4336	0.0000	0.0400
[241,344,434]	[0.1277  -0.2242  -0.1544]	-1.8650	0.0000	0.0459
[241,344,463]	[0.1506  -0.2660  -0.1026]	-0.4367	0.0000	0.0483
[241,346,393]	[0.0682  -0.0506  -0.0560]	-1.8339	0.0000	0.0424
[241,355,393]	[0.0677  -0.0301  -0.0527]	-1.6411	0.0000	0.0413
[241,361,393]	[0.0702  0.0382  -0.0552]	-2.9566	0.0000	0.0351
[241,393,399]	[0.0694  -0.0564  0.0290]	-2.6498	0.0000	0.0269
[241,393,405]	[0.0747  -0.0813  -0.0575]	0.6772	0.0000	0.0362
[241,393,417]	[0.0647  -0.0525  -0.0626]	-0.6719	0.0000	0.0404
[241,393,420]	[0.0700  -0.0535  -0.0321]	-2.4277	0.0000	0.0311
[241,393,422]	[0.0832  -0.0507  -0.0630]	-2.5790	0.0000	0.0380
[241,393,424]	[0.0673  -0.0598  0.0493]	-2.6738	0.0000	0.0489
[241,393,429]	[0.0716  -0.0529  -0.0403]	-2.2925	0.0000	0.0296
[241,393,434]	[0.0763  -0.0575  -0.0657]	-1.6337	0.0000	0.0364
[241,393,454]	[0.0705  -0.0595  0.0211]	-2.6751	0.0000	0.0396
[241,393,461]	[0.0696  -0.0570  -0.0057]	-2.2600	0.0000	0.0411
